2000 1834
1616 485
1242 296
1431 670
287 1184
1666 1482
1526 691
594 361
1010 690
951 520
1139 951
1359 1872
338 174
45 619
815 1747
529 1088
1111 1250
1976 764
440 216
408 1014
979 1989
238 1846
1331 1800
138 338
812 1063
1121 387
1954 738
1350 373
817 1267
355 1065
1414 542
613 1989
1959 555
416 486
671 1735
381 175
1871 1809
204 1330
303 1296
816 547
89 672
543 776
1483 532
1253 63
287 1928
1313 1456
1518 1943
423 504
1734 1741
1155 661
457 1808
1833 311
1917 1637
1878 972
511 710
800 919
475 903
1125 1597
1854 37
247 598
1998 1790
648 779
283 322
1916 241
484 1290
589 863
1134 1545
1640 1137
1793 134
929 1166
1204 423
1098 1663
458 1795
1167 746
1012 1614
1892 1332
1740 1523
1037 1865
578 1100
1027 84
942 279
1154 1766
503 552
302 1454
1848 652
1354 1834
17 189
1018 564
1968 1257
885 1083
1318 1756
1502 814
1357 169
711 472
1519 1663
538 1572
855 1969
774 1314
1033 1189
568 1749
82 649
278 154
1757 281
1987 1575
286 58
919 1692
7 724
1763 1338
1005 1842
1402 102
1873 1709
976 292
1174 1442
91 1557
869 1202
1120 1930
1434 890
1917 1793
1986 1312
6 666
1501 1365
762 974
442 907
383 1822
924 1134
952 668
1333 1852
436 1791
1901 956
284 109
1882 85
1556 385
420 1220
1291 120
130 165
943 1459
1690 1005
221 1291
998 984
141 1054
135 1713
1984 1179
1221 10
920 946
1087 1860
1920 956
1390 495
799 258
32 667
937 1022
571 1501
1070 846
1372 788
409 937
460 1399
404 1723
1591 1117
675 901
1260 1094
317 1578
1248 364
357 725
262 427
1340 798
1608 1169
1736 717
1002 435
1310 686
528 601
309 1000
1705 253
696 1706
800 792
859 36
1016 1069
477 770
754 299
693 1349
176 734
1664 782
1865 316
1195 1458
1652 62
902 24
187 1354
1140 1659
702 1764
951 121
1559 1166
233 1534
980 289
582 57
1947 991
1717 368
1030 1801
1176 1460
299 1415
1137 1885
704 42
33 1437
1411 106
1095 554
225 36
1622 1802
641 1686
1096 1178
519 1856
1156 767
661 1783
254 1046
795 1145
574 285
1672 1299
1548 1929
673 1941
262 820
978 1605
219 739
1480 552
1824 1612
1574 800
1181 545
1288 1364
1050 18
1617 1505
297 637
70 1240
966 193
395 718
1425 1542
1858 1427
1879 699
330 611
814 249
1827 1149
1948 1907
401 374
1830 1360
1175 1126
195 1613
131 1307
408 700
25 995
738 1946
1844 686
1201 24
854 852
659 1254
291 1304
1220 1620
1567 928
745 1532
1962 871
1349 1674
1372 296
1815 123
729 1646
34 964
135 769
394 1758
1383 586
222 573
346 1891
79 754
114 688
852 1031
1767 1816
940 1660
276 1516
883 1681
253 266
1733 1795
1676 550
851 512
157 1711
142 1882
1537 1703
1239 853
518 1926
1044 1974
1971 338
1941 528
414 1735
25 551
434 974
1222 1580
793 115
524 1760
572 1214
349 1994
211 1658
1067 1329
407 327
604 276
228 1507
108 579
439 102
1951 1914
846 1994
925 616
1840 1967
1165 198
1483 1922
476 1744
219 1817
968 1527
867 146
1430 295
540 936
379 752
1601 1137
1935 1721
1908 1299
992 1950
1520 778
221 937
510 1386
1133 619
1307 370
317 1211
1961 654
781 647
420 1988
939 904
1950 238
1957 1262
1739 1670
225 1325
1671 1776
674 1591
54 1990
465 1534
1 1396
854 441
593 1807
1789 1892
1648 808
856 445
1882 982
338 642
336 721
490 1637
2 1521
1314 1237
182 257
1292 1544
1251 935
1040 1392
382 148
164 423
21 1673
1703 1823
1991 781
614 378
162 620
1962 250
1890 1552
1738 1404
1773 391
1714 1709
1554 112
1643 1058
944 1429
266 1689
363 1810
501 188
1136 1786
1816 782
1796 1108
304 1924
1932 1467
1498 16
283 99
746 384
1955 996
1858 1618
896 1564
140 304
780 273
1992 1963
201 459
10 1240
1944 880
790 25
1310 1639
81 1335
306 1342
627 1049
1449 534
357 1924
507 275
145 277
1728 776
1805 597
1732 677
1593 1759
1678 1230
968 213
1401 1517
1117 1380
1700 261
771 1797
26 354
657 209
655 1123
1287 203
812 1778
390 380
1714 1202
605 117
1752 1057
28 891
1516 1278
736 1043
1698 1269
502 644
659 1754
1559 1846
49 1914
898 1732
874 30
959 220
1882 1541
930 522
92 411
1279 999
968 767
1507 1659
651 627
92 983
560 950
687 1635
873 149
1549 1370
1451 49
1203 1598
639 186
735 851
975 1300
1102 890
1028 1393
1811 153
683 194
556 535
618 1856
809 1084
745 963
1102 1269
1138 1653
1512 1526
1433 1818
843 1487
69 1963
10 1679
1462 1464
525 1110
1661 1762
478 1143
9 289
406 1832
1940 590
307 284
1625 860
1450 388
1784 503
817 1040
409 269
1813 1536
87 272
180 1658
362 1712
1406 1488
1320 1613
1276 967
1585 75
818 634
293 575
535 437
1499 906
1071 1557
111 796
580 1731
1945 1621
1667 1364
557 1655
1664 1563
1936 1632
300 638
826 1689
369 322
1838 1263
1407 629
483 93
207 1470
1900 1706
562 1403
796 313
1415 104
196 1563
1566 1504
547 600
1033 1032
352 886
1441 1148
1781 1385
1346 331
819 789
546 989
647 1801
954 997
541 27
443 700
1368 1748
1386 1632
663 837
904 1794
1611 634
1468 1131
90 385
487 1129
321 168
1005 207
1709 479
1558 1389
1140 395
935 245
1500 1841
431 143
381 319
1997 1981
541 1156
1940 44
1014 1486
1271 1390
104 1072
504 895
921 1144
51 1993
333 273
204 1283
458 1472
132 1131
155 344
139 928
855 517
158 545
620 466
368 675
1874 513
986 1622
1618 303
1766 1675
1587 1118
1965 1582
1173 1447
462 1079
1375 1540
886 141
696 839
648 1285
1261 1900
692 707
680 871
1620 833
499 1489
167 1642
96 1301
1328 681
342 433
577 119
1585 607
1634 1363
1407 1398
705 1376
1860 1280
1707 864
492 1356
422 529
410 1298
1981 1487
247 1382
633 269
1956 908
480 1215
160 858
615 1737
859 137
1365 53
1142 981
75 1799
911 1400
496 75
325 954
587 1059
5 1114
76 1610
367 1819
1888 1417
791 645
1132 224
1771 623
404 514
1628 1796
1452 426
872 1149
852 1643
47 1121
825 906
1802 1756
1725 1133
612 584
553 1746
952 1266
798 1221
1394 562
847 1122
1528 1396
1147 1759
370 610
778 1778
1029 1346
160 1381
435 1019
595 1726
323 2
1658 278
1727 80
461 246
1641 1884
554 217
1118 730
1636 1323
909 1293
924 32
1918 1977
1065 1157
1096 1982
54 1798
446 71
1089 1093
192 48
816 1935
913 539
1633 1957
1054 486
1015 251
791 294
12 1412
728 1876
1990 593
257 1472
348 119
1966 705
526 376
1064 1906
136 905
50 388
1877 1666
845 1297
1456 1457
632 548
249 227
1915 1807
644 1646
1300 1934
471 847
399 1186
489 1752
343 397
1490 551
1793 689
1937 1779
1451 961
4 934
1070 1657
195 260
1837 447
1705 1953
1056 243
1431 403
1199 1975
1450 662
103 870
1806 679
7 1092
1734 530
1137 1594
1104 1742
907 149
179 1995
334 174
367 625
236 1866
1570 792
606 12
498 1504
901 49
499 320
389 1215
548 94
355 1679
1641 1848
312 296
1770 597
903 1782
178 97
1702 862
1870 339
662 1403
13 115
1760 1439
270 1893
1975 1088
1847 531
1773 1233
1587 1668
1915 944
1908 1781
628 301
1164 962
455 1284
222 939
1150 397
1197 1367
1737 1278
1682 1153
1158 1839
1596 295
1918 1838
1358 958
1871 849
1352 255
341 862
1791 581
1247 1418
1085 1378
244 371
1777 17
196 59
1909 351
159 1437
1097 1342
731 1927
1741 1194
1781 1381
1887 960
1474 1466
882 195
1259 1720
1319 1910
735 399
95 70
1182 749
1294 1449
1577 1966
86 1529
994 557
1612 1855
147 1881
1041 710
1063 508
358 1362
479 623
1342 1972
1787 1877
1318 331
1038 1708
942 678
608 1575
832 1241
927 1339
1212 639
965 270
1840 1036
1023 1421
877 1621
947 909
532 1728
1593 1464
1913 635
840 1985
439 1034
1902 1161
194 602
1412 775
644 656
1470 1647
1600 208
1978 703
239 1192
700 1969
950 13
582 1465
235 825
135 707
1311 1030
1315 665
1288 476
1933 1134
839 1883
788 1626
1727 766
917 1408
848 1869
660 740
1368 1650
329 1477
1196 321
1423 1327
1247 1326
470 455
1048 1304
1453 1669
994 1835
1361 706
665 1759
900 698
60 302
1128 1864
1055 1245
1293 1354
784 1968
1633 875
1721 1266
736 1249
424 308
1261 177
1739 783
1094 1146
1885 1471
1512 559
1551 78
1302 1785
1751 607
327 1521
1822 202
121 1749
976 1339
360 567
112 553
8 1553
938 1757
1061 964
402 1113
1686 1292
1265 148
183 1901
664 1518
970 989
1321 1026
883 1549
118 1351
697 867
1397 488
377 110
51 1704
1745 993
773 288
533 35
1588 1651
412 1122
1209 1920
768 191
323 1983
100 418
1960 910
1344 1423
837 1007
1544 866
1162 1541
1797 1322
511 1888
576 1970
23 360
637 1972
473 805
346 987
1318 168
1112 793
1518 216
1386 622
350 1769
1142 1873
1755 1044
955 948
464 1
940 1745
1724 440
995 28
245 1227
1694 753
1218 1510
1657 396
1188 403
1183 651
1087 1676
1172 741
170 743
53 1592
1119 101
926 1004
152 588
46 1716
210 1696
62 1710
1696 1084
1644 1125
1163 1912
709 1561
1243 923
38 782
1228 1849
632 1412
1785 1103
1929 1743
1768 1303
999 1126
131 1132
838 1095
953 1524
1493 805
1834 232
1754 1629
1107 803
113 1828
1359 1078
1695 1645
1193 1808
1103 1566
757 1800
1726 1144
252 1899
772 1535
990 163
747 1037
1338 90
1395 140
200 8
1248 1839
923 982
80 1553
31 1436
703 1495
603 82
267 1500
951 599
1719 1334
1630 1654
831 4
1980 786
583 1506
1000 1331
514 1233
1665 1099
57 1597
906 1817
542 938
1103 286
1996 1045
1939 65
962 1923
83 1228
3 1389
1010 1373
1561 578
1568 1906
159 1628
464 1886
1792 1550
68 181
1469 1568
966 1285
170 613
791 1868
554 21
1506 1428
1326 958
1115 113
155 502
1509 183
1256 1665
1251 1898
487 444
775 1397
1324 218
1488 1502
1388 1287
1609 1897
898 127
106 1478
83 721
585 1544
1086 865
579 1815
1828 1589
493 1147
749 1584
1201 1843
217 1317
430 265
251 1336
1386 1170
428 186
1120 1094
824 822
1352 375
1345 1542
1847 622
1956 1159
342 1002
518 324
771 1286
730 1231
1674 134
1445 1609
567 1430
208 722
401 353
678 755
1297 930
1109 1074
1031 1961
1874 1091
802 1067
1009 1384
1473 930
144 433
667 842
1530 1236
1515 98
763 380
791 1513
503 450
1634 1325
1099 888
1367 1819
1872 505
1721 679
1343 1514
1306 237
966 1060
1026 1256
1925 1242
1730 1218
1753 1841
1171 1177
609 229
314 444
1170 447
114 669
1845 1577
902 1543
337 1979
1303 638
1210 1463
670 436
203 1691
25 1015
751 1482
348 482
1615 1868
1863 57
39 405
733 1933
1690 1052
1938 1420
166 1977
1750 125
1475 187
125 570
376 615
646 1780
1238 129
804 1081
31 258
657 692
933 1582
681 889
241 809
1599 718
1465 66
1896 393
1610 640
306 509
154 1779
88 887
685 1384
1780 1706
73 1445
726 480
608 1845
1606 594
669 745
1419 1258
1584 584
195 335
1976 1656
1039 591
802 1958
153 957
750 1595
1302 714
1481 1072
263 1771
1254 574
105 1693
563 860
576 713
450 68
1017 878
1981 1687
421 225
1443 822
1215 124
48 1746
410 711
731 225
387 1305
511 1814
103 1003
1569 223
989 1775
1730 491
1532 199
343 1474
1574 534
109 1092
144 931
1624 922
1619 1723
52 453
1710 112
1377 506
1051 728
271 1587
492 906
913 1378
1143 1082
881 1499
1206 1731
1258 1636
389 1180
1071 941
1923 1831
779 215
1205 1799
565 1514
159 533
1491 320
477 1099
796 1016
1309 1992
1373 1706
1281 801
30 126
1337 560
1875 1814
3 649
496 1939
107 1005
1257 644
785 1177
1235 190
704 290
1060 1255
639 996
566 908
890 1896
1043 1308
1515 1208
1607 309
474 602
684 453
777 425
549 248
415 404
200 744
1528 1272
1080 469
1857 725
1955 827
1218 671
372 398
20 1861
829 110
1988 1895
1353 535
838 753
1409 1931
1309 484
159 1155
1894 1546
968 932
429 727
617 386
1424 828
796 774
1217 1218
984 1135
994 1468
807 427
1889 493
109 179
1192 1844
347 199
298 1751
1863 126
517 1124
918 467
173 1750
238 1383
1744 1393
250 930
323 1420
218 1587
1776 1209
626 1725
1684 770
808 1007
715 1805
412 1752
1193 1784
1198 1777
1025 150
1152 836
1992 374
454 843
1108 1904
35 558
1513 1631
896 1659
350 1154
695 452
1078 152
822 699
1334 99
1768 605
987 102
1188 1638
1497 1619
510 598
236 1332
1203 47
934 198
239 756
1347 116
1187 1570
1640 1225
708 81
570 889
1377 1971
555 1460
1350 1818
1049 41
967 1100
1472 205
736 1176
123 495
1013 364
1161 866
1611 151
837 921
293 1596
1602 326
198 223
256 417
789 797
772 1425
1068 161
1471 1905
1578 1183
358 1226
1523 1311
985 328
419 1476
789 635
1351 292
366 1580
323 1080
1295 274
636 1728
1800 438
1772 1151
1675 1484
1836 156
1693 1405
188 175
418 830
1588 997
1116 390
1944 965
759 1560
392 631
1485 1573
521 1807
1525 96
138 1268
1881 736
1276 280
1555 879
193 328
451 1438
1097 1878
804 764
1251 267
1289 1130
1375 758
131 611
811 1114
425 841
1323 261
1902 630
1502 1279
1357 824
201 1659
1009 19
1946 1531
687 270
737 1660
1653 1172
585 431
750 1139
128 1216
1355 1013
1178 519
1475 527
303 820
912 357
334 857
1787 1603
290 1385
1045 663
1860 1650
1948 180
1301 1401
747 197
1844 1264
1601 1012
941 398
1598 1047
787 1985
264 636
1688 813
1103 1803
14 1413
1693 1958
1001 1545
587 53
1998 1677
1225 365
1344 1660
1879 1408
1424 1057
133 1179
166 231
324 1021
1718 1712
1921 349
1401 589
682 1762
1742 723
897 1270
88 1699
1821 345
674 100
184 868
1214 503
1495 130
15 1919
116 1860
564 1790
1207 0
1492 1208
1651 701
1573 797
18 914
811 1977
1398 1006
1495 60
1662 1788
16 240
1189 719
852 1286
1755 1154
1774 561
991 185
1505 629
1035 720
1761 226
1855 1312
1579 15
22 1271
507 426
1260 1270
1180 1110
1396 1343
128 1184
77 111
915 1138
1719 1224
1055 642
1457 1425
1642 546
45 742
794 900
1737 74
1355 1039
757 1758
653 1059
1414 1274
122 1066
1374 1687
46 319
734 364
348 1964
359 1631
87 330
335 1965
1463 1997
733 892
56 296
129 882
1960 29
1163 949
513 904
536 1432
1999 925
1252 629
459 11
1576 1148
348 1718
1995 717
716 1133
1988 384
1435 1255
695 473
118 326
1017 99
899 1608
1952 893
1982 759
1589 528
422 1476
467 977
1728 1827
621 1677
371 268
1683 840
570 468
1806 1200
1853 1522
212 1001
43 1079
756 1366
266 1884
1761 482
1215 1226
1136 1701
1458 375
1182 1428
294 1086
1533 1866
1794 538
318 1479
1711 1511
897 650
1223 340
473 1073
150 1030
697 422
234 789
1356 282
1123 1554
1217 329
1105 969
49 973
379 315
978 1811
189 47
429 198
761 72
205 876
1455 1244
864 1252
1877 310
1510 341
1077 1069
500 1680
13 1452
1448 1862
1068 170
815 105
609 932
1371 973
1729 894
1890 1789
1282 1406
1358 157
1538 481
288 415
1448 1895
1842 1056
165 1772
1204 1536
1942 260
1405 1949
1811 1786
444 539
861 1379
58 1869
1042 357
536 1165
948 1769
689 340
1105 1522
64 509
381 722
841 292
1503 821
1438 336
310 1576
98 1553
1011 164
373 763
818 481
1434 184
1926 596
1093 878
956 1743
271 905
1668 1984
1825 1942
617 1473
1489 1472
992 916
516 521
1850 359
285 1604
71 1474
3 1061
1625 554
873 1236
1810 1403
377 481
726 835
1152 626
1903 1722
1194 1967
727 922
252 1096
1160 332
494 1219
56 1952
1011 337
1851 161
1313 988
1877 762
1775 417
1284 473
295 616
819 853
1213 1655
912 1616
1519 1094
959 515
497 809
856 732
1820 55
1700 449
523 1531
1981 1919
1824 806
629 1770
1546 1315
131 333
1550 1281
142 1235
194 1439
1721 156
1201 19
701 672
1524 99
1391 520
147 1590
673 305
970 877
1571 1654
461 1466
931 834
690 945
812 1821
1338 1219
141 1704
946 1793
270 1262
1474 1571
1943 1273
1496 1539
1361 468
332 1021
592 511
1852 1811
364 1720
544 1387
810 1230
1698 850
75 1662
437 643
1910 1183
366 1280
185 444
1425 1003
768 1075
1562 454
1421 1296
107 682
1353 936
941 311
1101 1244
1893 259
1234 1444
1517 158
1931 716
1583 857
1763 101
1415 677
1229 1394
1413 1348
1232 1246
478 915
624 1461
1232 324
1469 1194
1404 123
1426 1765
863 40
483 601
1137 910
244 1099
392 592
888 1410
1600 1141
1338 799
474 1861
914 85
39 1983
463 1921
442 1444
347 1826
1722 342
884 69
277 1277
1831 1354
1111 1592
961 1440
1259 760
1649 1729
1264 1820
1697 826
844 74
918 737
1076 1788
1335 743
1951 1416
1998 460
1332 1567
402 1096
1073 666
556 832
785 1138
462 620
406 1212
1973 1066
1494 1715
1713 803
1020 1667
1146 351
1273 823
1540 664
1443 172
645 78
1932 213
748 1387
1680 38
1298 674
287 719
1345 1623
83 1973
1191 599
894 421
1508 1174
197 383
1627 353
1537 149
1911 274
37 1531
1008 794
419 1106
1100 291
242 709
1887 117
9 1030
1360 1656
938 1104
765 469
1369 372
528 1708
1478 1022
761 1034
1709 813
700 1496
255 191
543 1503
356 957
255 1508
1853 620
1538 1035
1316 1275
1998 1809
240 234
211 1695
621 1109
1190 1480
220 373
465 423
1792 938
1812 1090
1051 941
1396 698
712 400
6 1880
702 1254
569 1916
1768 694
624 747
544 476
352 1379
1046 489
998 1403
0 1042
248 643
452 1446
887 822
1804 67
382 800
1782 790
1417 1173
606 786
1845 1295
109 1934
1306 1964
1091 676
265 769
812 279
378 1333
443 308
683 990
84 438
1764 63
1738 61
1186 1502
1388 1977
312 1169
1693 145
1426 1246
660 881
1898 1400
1153 422
441 1341
497 783
1804 1402
1130 456
1565 246
314 1004
1606 1159
1062 1767
1651 1330
1113 1829
1455 1531
373 318
628 694
1681 1976
1461 1547
706 1127
963 1316
171 362
846 684
712 537
1843 1555
1289 1358
516 1581
1800 1864
1312 1970
508 1422
876 413
1529 1594
640 523
1183 315
91 1685
1835 537
432 844
653 214
1875 1053
787 1159
1635 658
428 1459
230 1527
3 1897
1715 505
206 393
1586 1903
625 1870
1317 448
1803 1024
64 1185
14 1495
124 1859
522 1145
1359 44
1191 1090
1168 1564
178 1986
1392 1323
313 949
971 586
1083 1249
994 561
83 732
656 810
1431 580
26 1928
1867 466
411 1182
367 559
162 1453
