1000 910
330 164
874 84
494 313
580 866
876 219
126 612
387 649
638 37
619 91
51 645
625 465
433 436
960 191
842 351
539 210
655 521
646 731
982 702
61 125
970 697
610 482
159 151
438 189
182 632
708 454
405 792
657 68
979 137
298 554
892 496
248 246
388 184
691 762
240 277
551 333
293 187
186 782
966 327
10 718
102 237
966 502
891 416
796 609
315 222
72 282
199 300
59 984
325 155
10 824
656 899
206 153
31 286
229 674
214 776
258 33
509 574
363 191
803 809
653 771
100 543
282 76
356 71
690 701
749 475
930 512
745 603
245 546
218 885
900 628
487 395
285 853
468 306
958 324
730 314
647 335
195 904
705 759
641 115
836 882
129 686
412 529
90 5
398 66
929 367
611 860
895 125
940 653
465 310
602 327
2 87
733 780
696 987
741 545
878 464
6 746
707 303
445 982
914 506
987 798
280 568
864 123
307 174
549 152
902 65
675 855
641 740
896 228
961 515
362 880
990 181
550 830
445 866
428 220
283 204
188 590
758 646
593 513
136 920
297 492
312 45
97 886
649 385
30 942
614 661
130 504
997 829
373 545
711 216
646 763
929 920
765 729
39 411
115 24
425 394
49 532
346 238
883 461
552 522
837 92
424 669
992 99
974 623
828 963
261 561
752 24
721 401
437 811
770 937
640 846
741 223
103 701
586 770
238 390
402 981
520 585
712 287
884 664
681 835
135 409
141 834
871 399
77 645
868 118
131 46
936 364
792 313
421 190
956 833
377 821
34 849
925 66
221 249
462 467
668 677
540 276
518 209
324 916
978 989
908 389
801 474
935 8
271 307
377 492
200 520
56 448
436 312
91 725
335 101
11 735
111 31
444 524
277 143
236 253
398 943
172 198
534 252
213 480
75 911
247 52
728 343
403 984
451 319
944 46
839 222
928 352
452 122
162 843
82 683
208 159
209 628
709 510
414 32
291 171
54 340
601 735
575 719
337 797
582 326
212 872
930 405
145 796
572 259
236 349
183 723
5 887
807 469
831 186
551 842
327 808
88 256
832 566
962 431
194 484
344 269
384 348
83 975
510 94
931 799
865 738
589 965
605 988
754 895
996 242
460 325
528 106
846 899
112 617
333 767
104 127
339 532
308 330
255 245
172 696
660 968
798 453
160 670
22 456
875 440
64 139
658 598
274 110
693 141
76 809
500 921
244 419
673 249
985 833
994 138
903 165
765 579
618 305
628 662
29 80
821 933
470 118
382 250
371 254
618 85
13 89
211 688
764 894
501 268
120 950
713 128
370 597
756 41
370 976
29 537
169 620
523 778
772 47
288 315
583 40
581 993
973 785
606 27
39 440
170 829
379 923
432 888
728 171
916 203
217 556
525 569
573 990
79 16
856 687
948 851
884 813
299 775
567 84
913 381
560 750
132 404
456 107
813 16
168 86
671 46
738 870
949 778
410 398
157 495
878 11
672 447
316 84
787 886
805 116
376 611
203 689
120 910
68 55
459 98
703 530
448 175
380 631
867 178
407 189
338 48
97 462
34 731
509 267
555 512
271 688
179 438
464 715
757 479
457 812
386 498
666 311
513 684
150 752
879 90
924 766
28 206
446 286
0 319
195 94
506 429
791 554
354 794
366 991
867 580
850 626
273 630
114 329
890 35
356 227
517 859
44 137
426 878
264 237
624 918
23 769
406 713
845 216
320 402
211 838
822 769
937 33
391 892
744 418
450 955
458 175
54 580
613 150
226 777
116 730
626 140
597 903
717 297
232 176
822 640
510 576
165 505
433 190
975 295
337 290
884 355
949 194
173 631
318 857
559 481
409 167
825 676
322 788
942 979
126 296
962 19
7 144
630 508
861 802
454 956
971 240
280 854
210 113
682 168
204 187
178 634
363 83
406 107
368 650
400 958
535 764
388 296
305 393
99 661
413 309
608 732
837 415
303 287
941 945
954 193
183 171
461 260
999 757
351 533
75 906
405 627
336 125
262 629
429 549
382 642
457 381
664 443
235 81
442 360
279 948
231 888
358 221
983 964
977 637
67 267
934 249
298 963
906 289
797 620
648 774
158 511
927 396
598 825
453 703
592 217
151 458
969 50
869 485
718 793
934 650
17 488
403 92
574 579
131 423
923 536
437 210
544 751
665 827
926 328
758 588
980 160
853 733
571 263
332 201
476 820
145 227
636 550
797 215
532 362
990 364
560 129
773 350
109 234
342 423
852 215
893 30
941 443
477 680
609 547
213 273
78 497
687 86
199 710
161 7
790 810
10 590
93 144
180 726
557 880
481 223
167 205
65 635
425 36
786 722
644 435
648 552
861 492
257 514
591 652
998 438
352 636
591 89
109 25
744 694
699 147
558 919
714 193
124 779
466 163
316 844
179 485
699 808
830 455
889 374
686 433
768 917
270 271
359 419
732 507
242 565
114 576
660 958
415 947
148 843
810 661
110 197
170 630
132 499
714 32
736 522
391 331
536 387
149 704
599 551
320 412
53 669
321 911
347 695
361 563
957 615
661 318
341 775
82 171
946 483
292 169
265 767
716 275
643 943
498 326
949 460
823 254
133 471
770 374
493 845
566 908
553 754
197 346
747 85
616 27
720 955
801 748
836 463
426 301
430 595
700 783
917 707
310 182
117 127
251 525
753 147
915 185
63 334
544 580
328 486
422 70
706 282
616 283
760 989
972 610
490 642
61 784
594 706
882 21
270 734
762 954
482 432
681 142
329 378
820 386
848 651
514 81
832 48
636 479
446 504
932 600
811 134
925 905
952 467
852 939
741 347
654 108
228 755
600 690
831 394
574 341
819 826
381 541
5 241
6 369
877 88
361 671
942 517
632 760
84 353
673 442
773 3
893 157
538 281
83 619
965 640
434 40
770 196
85 548
693 522
633 472
97 720
795 670
207 503
789 692
102 608
451 562
306 392
788 901
749 463
961 180
538 427
981 69
542 121
623 643
804 931
596 812
417 849
697 990
250 399
862 663
794 914
991 936
243 898
708 177
235 526
959 60
881 410
321 978
472 705
250 633
850 346
135 219
736 543
12 800
776 766
951 260
102 395
737 55
726 296
685 403
483 995
446 841
727 617
795 396
745 239
468 912
41 541
281 210
953 698
375 14
877 887
602 252
344 314
584 358
577 725
359 917
471 692
800 998
212 122
506 950
142 173
969 956
446 478
406 449
763 542
15 407
186 499
711 387
730 345
439 135
625 367
863 502
302 976
64 103
638 327
825 435
18 621
716 946
331 365
983 320
148 701
508 679
489 389
35 791
992 519
614 527
604 20
897 782
747 570
449 993
872 242
651 666
241 677
353 500
944 721
768 42
49 511
622 607
304 113
956 422
938 233
420 192
200 836
795 912
166 675
482 300
986 734
739 57
475 202
907 408
473 924
516 994
229 439
644 243
918 124
87 173
858 907
527 777
685 827
570 105
915 383
841 497
723 397
807 573
546 622
862 847
24 700
787 973
847 0
43 58
639 932
959 85
336 501
967 802
298 349
459 733
985 477
603 458
942 894
876 119
824 384
870 164
146 74
278 637
919 60
715 722
311 483
569 566
783 678
271 411
657 434
840 672
741 93
380 466
628 883
900 540
967 38
727 294
977 164
154 230
225 128
988 531
290 922
971 739
709 284
655 516
133 684
911 647
819 1
230 798
604 473
62 255
372 635
47 798
18 298
242 957
815 491
261 233
816 123
868 761
483 854
995 818
724 308
149 578
343 8
224 4
586 3
97 224
874 246
567 408
441 997
772 587
96 599
656 73
155 95
58 996
561 185
166 138
272 184
193 901
548 806
375 291
400 332
220 529
575 856
814 857
751 156
695 317
235 288
597 104
52 659
470 369
926 478
357 607
63 339
25 924
994 571
878 755
345 804
510 474
196 106
662 817
572 565
531 539
96 891
491 627
487 413
578 917
74 885
940 133
391 431
444 181
828 9
279 72
372 153
488 188
145 595
418 780
657 823
26 285
701 654
447 204
207 323
817 742
247 250
561 592
523 667
953 676
784 743
781 547
546 503
365 629
346 624
266 355
873 526
235 80
112 636
0 864
53 687
1 372
146 240
564 972
860 470
145 77
50 909
913 176
551 192
498 13
