10000 9119
7660 5135
3377 8263
2820 9454
1950 2420
1636 2173
2759 2874
7351 3244
9193 809
5491 8941
7113 9230
8214 1110
1499 1411
475 5440
2532 2189
2452 5000
7836 9726
6091 8584
6945 7260
1677 3927
6562 7409
48 7979
5290 7182
7507 1895
3307 8719
6664 2753
1150 6070
3474 5903
7134 2022
2088 3345
3031 6318
7606 6494
8341 2938
877 3240
9773 1775
7219 5058
9449 3456
6362 2472
6384 4575
8727 1750
5896 7336
9144 7592
241 4813
9808 1370
8360 9388
4063 2819
8167 9207
50 4597
5502 3229
8690 3085
6811 3404
9506 6624
2824 8020
1134 7873
5380 9120
6542 9150
512 2951
9368 453
3402 3108
4439 3365
4947 4412
9798 7035
5881 8674
6637 2103
638 2311
7360 9713
5651 889
5237 6680
4179 3639
847 1712
5212 6465
2979 7921
5068 9992
2665 8981
938 7916
5235 1762
816 7236
9612 3843
6459 3324
1713 2679
785 8758
8536 1688
2795 1664
6697 9019
8381 7238
7242 7129
916 575
5089 7913
7725 9164
6977 8721
7916 7005
1176 4061
3455 115
3016 6529
4832 7771
3915 4779
4336 7634
3623 831
5670 5093
5874 733
1024 935
7576 3369
6181 3904
4353 1053
7676 5099
5178 6352
4440 1458
452 1523
9320 2814
5450 8460
5995 5252
3333 2063
7403 6498
7702 5702
8198 924
5710 2950
3527 9187
1028 4774
2950 326
4711 6509
9738 6849
8947 175
2628 6103
5022 8019
3746 6467
8077 2008
8836 562
8090 7266
5640 8703
866 127
5627 2507
6967 3622
3781 4247
661 5577
8225 2273
444 5126
4480 5923
8464 6988
4392 6521
4531 7182
2865 203
1909 5264
589 9587
625 2481
8675 4668
781 879
2105 1904
7024 1214
2413 9602
8542 9996
476 4930
7861 6786
9992 1670
2979 8987
6754 8709
8962 1564
1074 8874
4896 4558
2238 9357
7571 1091
9636 1784
3949 6730
8596 9068
9833 4941
5265 7748
7029 1761
3545 7870
8328 2205
250 2799
2067 2648
9480 7290
7515 8146
2431 3427
4485 9871
3382 2402
3736 9763
2737 2715
3780 2683
3449 4405
4476 6485
707 5172
4268 4069
3626 4924
6780 730
2978 5828
806 3439
6003 9154
5403 6369
7841 3095
3297 1675
1391 9410
4642 1983
1623 2482
3275 2441
2076 2600
8257 5632
2538 9558
2026 5934
6377 6261
3227 434
7468 4408
9222 717
8806 4255
9391 3532
8142 6652
2250 9824
9527 2559
6763 4427
3292 5163
3242 878
5017 2552
3187 1003
3435 1119
6023 9378
7256 4319
8886 6614
6113 6109
1701 3868
7820 9431
612 6079
2968 4461
3473 7250
3667 2554
9925 2957
7257 5269
3864 8892
602 4950
4502 7664
8117 2742
6760 492
7163 8387
5405 6549
4206 4285
5047 492
5053 6504
8751 3884
1817 7898
8311 8551
4764 9985
1736 2334
1563 287
4721 7537
2219 7146
1538 898
7834 6211
6348 3684
1343 3056
8934 8773
153 4918
7421 3735
7101 7496
1637 7176
8562 3583
9398 4264
2991 947
2 6352
4555 3139
6041 1431
696 1500
6138 6032
2565 419
1372 3215
3948 7454
1963 4880
8648 5954
213 6799
1170 2051
5545 2250
1327 4738
447 6719
8999 8901
7079 268
1915 7624
8611 5229
2407 3495
7449 7014
6808 6553
6262 5443
3682 119
5420 5402
3231 6707
4520 4341
1717 1295
5245 2014
3034 8848
3666 2136
2514 6723
36 5044
1328 894
1681 2902
2182 6957
4291 4128
4715 3531
2204 8879
1770 7889
3212 8623
2221 3950
7226 2914
3233 7050
4131 8889
9530 257
2213 9126
8558 1400
5084 9231
69 6389
8882 462
7347 5993
1416 1992
3908 3108
9754 5959
7530 9977
6986 5367
5630 1174
3045 6616
1990 4514
8376 3606
3537 9330
272 7661
7371 2518
3792 3526
138 4792
771 7760
4757 8769
6261 6791
6236 5971
8337 8825
4064 5414
5423 4670
7687 5802
7517 8837
8774 1802
7864 3752
6773 6075
9013 2109
8011 6969
2047 5865
7084 7722
213 4477
6686 9498
648 7969
4631 9516
8008 6095
8680 332
3386 7836
3490 6664
2622 7459
6605 5880
737 7514
1795 3432
4928 159
558 2669
6451 6353
4586 335
3399 2226
1642 9855
7766 63
7299 506
964 7549
4923 4557
1406 8157
8617 8676
3374 372
6427 1506
2718 5989
8521 9988
2278 3716
3606 2614
723 3334
3419 6233
7684 274
517 910
7760 9268
7970 2215
3495 8434
8970 5013
9544 5586
9749 7578
9778 7191
159 3864
6131 3732
7196 6154
3833 1654
3433 8500
7751 1666
325 7503
445 3902
4754 9683
2877 6140
4920 1739
61 7762
961 2259
6115 262
5857 2065
8988 3932
5429 8728
9564 3145
4114 3436
3840 1030
9437 9856
723 7279
4101 984
1364 9779
6790 5695
1472 8449
6996 9510
2330 720
4369 7133
3895 7393
3835 8870
3356 6850
8106 2584
4249 6063
9647 9146
5255 6899
2916 1497
3885 1122
4354 1327
580 4872
877 7838
8880 8999
5668 6663
2169 7846
6470 8922
8086 8781
3938 7600
4629 9518
694 2476
367 6809
7046 9438
226 6607
5950 9572
2153 1863
4878 9184
7017 745
891 9364
146 2197
8236 6836
6248 1703
8815 2608
1486 2906
2405 8237
2260 9827
4086 2466
1435 7942
793 3818
4428 9983
6692 5821
1748 6354
8177 1744
4194 9106
8715 6389
5424 2101
947 787
7967 9847
6288 8386
7924 8377
6425 7537
3546 2257
9922 2551
4551 7315
619 3985
1116 235
8532 7765
4048 1032
5830 7501
1473 7030
2857 6030
3306 8887
7712 2107
3322 6911
979 3192
5313 6144
589 9500
1184 3145
2078 8080
6550 9651
576 4982
3622 6343
7877 5357
675 7980
337 7926
511 6857
4394 7100
950 9133
8299 7555
2254 518
1070 7230
9189 4618
1708 6142
9191 990
1808 1525
5819 4281
8152 670
6693 2858
96 3010
1307 525
8304 5106
5488 4493
2074 1896
2703 838
4102 32
9419 6005
8628 9500
5279 4463
7937 3780
6963 5766
7471 361
4880 7758
1667 7878
6601 7110
3093 3204
6569 5536
2794 9190
1612 1103
6305 906
5696 8732
5312 2273
1379 607
2859 2064
5910 9076
3266 464
1954 5243
3861 1324
1873 2713
355 4784
9080 413
9233 8280
6129 3443
5278 3588
2731 8064
4457 8932
8309 8642
2705 8686
6591 3039
6102 7911
5859 4391
6861 9943
2543 9596
8884 2579
446 8259
3558 4405
4921 7370
9046 3396
9093 5543
1438 1329
2124 3325
1709 4459
198 868
1973 5122
8514 2662
3952 4300
8953 3812
2929 2812
6313 4473
300 8344
36 7494
3764 3692
7004 4908
2350 4382
9454 6114
1225 3989
2536 285
7249 662
8025 7349
6690 7834
9907 3948
9910 6849
9577 4898
9016 3075
1329 8961
154 4435
1307 9050
7426 9959
2663 3354
3198 9055
4547 9459
6412 438
9424 4275
193 4977
5017 6346
9814 6881
9596 3066
2893 4445
62 4210
46 9622
1478 8986
3309 9084
4549 260
3571 6249
4279 6465
3786 9900
2660 3569
3347 9869
6448 3039
4744 2390
7356 7813
2442 5638
753 3051
8359 1058
9221 1569
928 3998
3117 2846
3460 1374
384 9335
1256 777
6869 964
3617 9684
8042 7745
9895 2320
634 186
7809 6119
2606 9524
2050 8265
3292 5336
6479 7444
4847 8218
8197 7110
9155 8989
2524 8006
2807 4650
686 1095
9769 9571
4418 4663
8217 8832
5884 4866
2800 5679
9820 4038
9071 4666
6836 5779
6102 6711
7709 6219
1581 4095
5559 8980
1393 5368
8242 6798
3730 5097
333 551
2721 9995
8556 2867
4083 7058
7139 5449
7521 7359
6395 5757
523 7010
526 1375
8054 8578
8333 7816
845 6456
4246 9465
6928 4447
7769 2521
5233 8205
8723 2295
5534 4029
8656 523
729 5730
9535 3827
4725 4790
5169 9076
3795 7686
8945 4954
2631 5155
4175 4174
9237 2949
4781 196
2078 4786
885 2171
1527 7192
4001 148
9288 5690
6127 2346
6283 1097
2560 5217
6819 2533
8302 3856
2674 3683
8804 9434
9666 2462
8010 2972
3206 2288
4802 3150
2040 9589
4818 3656
5578 1524
6306 4313
3930 2812
1021 6428
4865 8178
8960 7377
7310 8241
5034 8213
6023 5280
7569 1986
7083 6858
2586 9811
4796 9945
4315 5907
3447 1655
4720 7440
2010 3635
6876 3925
626 8274
3741 2491
1207 1592
7133 4490
9648 6184
1742 8650
4947 6415
7125 4759
4214 2395
1191 7204
9610 8403
4540 4121
379 6797
6021 5687
5963 6419
4145 7019
6972 5374
3193 1039
4925 2393
6783 4520
3874 1061
566 1006
1083 5472
1667 4368
4985 2321
1646 4191
547 7900
6087 7168
6741 8718
2286 6213
9969 6029
5427 9823
3081 508
6776 6444
4769 1429
1860 7003
378 3045
8114 6442
6033 8025
30 6085
4418 2191
6993 327
1959 9813
8289 1269
960 204
2839 3347
4324 2060
1341 5068
1669 6411
6627 8564
1440 1535
7260 3760
2487 3966
9097 7181
3960 2843
53 5034
6778 9164
9970 6240
5986 6652
1404 534
995 3289
5129 9844
8151 1731
4067 3541
3847 5199
6584 4974
8091 1481
9193 9327
3094 313
8405 3312
7764 1628
9613 689
2312 9107
7392 6634
2357 5567
7895 2359
6094 8436
9421 1596
774 5412
9592 2821
4635 550
1880 5512
1819 2522
2084 564
3619 3975
9479 1900
2737 669
8665 901
9059 9061
4224 4894
3152 7637
3999 8444
6922 1840
4974 447
1814 2767
1034 8413
8979 780
5561 4684
7097 4012
622 700
2608 1320
6476 3663
647 2521
1942 5833
6307 4751
5730 7364
7567 8652
1488 7135
5731 8801
2525 6631
9236 2227
7319 1494
9482 9470
2559 6749
7980 4891
7061 8180
6996 623
1774 9266
4314 8731
5698 4819
8228 6726
2079 3463
1055 7359
3847 692
9253 1599
201 6313
9632 3450
6065 6223
9777 3044
9691 3775
797 7361
4085 5297
7084 3301
9221 3550
4353 754
2615 2556
8853 7420
8620 8869
3608 3031
4331 2374
7883 9852
5187 2703
6374 3026
8347 9263
1322 4955
2929 820
676 2801
3589 9985
6115 9805
9494 1264
6161 2591
5385 8515
4932 9389
1828 4282
5707 3878
5673 7771
3196 618
4988 9999
2143 8549
510 2181
66 8032
5412 7583
1039 3868
833 9423
759 6960
2541 2353
1250 1299
5571 4831
3104 1221
3452 859
7003 7786
3931 6316
9407 3844
1786 3604
425 5283
6962 3672
5328 2819
8324 6644
1765 9621
3337 4617
7152 5289
887 1891
552 1589
1097 261
2586 5776
1627 1492
754 3021
201 9417
1756 9717
9879 1426
7163 5507
3433 4728
2379 4909
6126 4989
5454 4068
8026 8035
1724 5938
4683 4351
4739 3775
6075 3594
4491 6118
8139 1382
8967 8065
3385 9472
7502 3575
3210 3400
4308 5335
623 60
2732 1779
9699 4299
662 6997
9520 5076
5820 8834
5215 7076
8520 732
8919 1850
7593 2543
4646 9306
2571 2150
594 6508
4840 6591
3431 1857
3876 7205
5840 3655
7682 9322
1534 3518
4656 6333
8542 577
8726 1919
4006 7403
440 2316
3213 9396
7786 7824
8762 6327
7656 5481
3472 5523
4548 7425
404 7669
9475 9542
2058 7372
8061 3973
3464 7234
239 2929
1337 5797
7787 9135
1121 2370
8331 7074
4149 3584
8092 8452
9228 8743
5750 8860
3509 1640
1148 9381
3636 5997
4217 6006
7250 599
5826 5107
2814 1477
3983 8380
1607 3790
6815 6840
1695 2895
5404 3057
1725 4408
5344 5651
8912 8698
1109 8374
5194 1423
301 5300
7265 5994
3381 3842
742 2020
5542 8802
1902 7096
2954 1910
6194 601
1289 5031
1715 1138
3267 2009
1417 4718
4499 7403
8454 54
8269 4820
958 6871
2044 7606
5720 4931
8277 3862
7754 2855
9197 4842
9092 3442
1035 7772
5115 2416
2520 75
2461 9333
2006 3103
3651 8968
6628 1763
2135 8008
6653 2036
5171 3928
615 7715
6880 2209
6856 8327
8972 4096
585 4355
3632 424
58 5093
441 6293
4062 7188
5904 1953
4993 246
3587 9341
4658 1303
6990 4699
8279 6239
5159 3243
8335 2400
7297 4179
6387 6848
7015 8595
3692 4180
3465 3816
8133 4169
87 4788
6276 2621
9673 3620
6110 677
2641 4711
7438 99
5600 2982
9644 7590
739 9015
3343 8485
7829 7673
9136 6751
9462 8859
4709 4217
4375 8225
1460 4424
4422 5709
4392 6611
6345 6814
9938 5109
3879 7536
2505 5077
5415 9930
1105 7400
9755 1089
7984 5890
535 8679
6177 3560
4964 5463
3785 2614
7127 1934
8776 2862
3638 2433
9738 5112
1309 6200
6849 9235
421 9514
4216 452
9040 1457
3288 6999
7027 1721
748 9850
9200 5334
9232 2771
4283 694
4110 6579
5876 1887
4071 2630
7733 1958
5433 6133
1764 7592
2427 8377
6323 9962
1592 5606
3282 1287
5565 4081
5258 1231
7477 9781
2022 2792
8629 2740
5769 3811
9613 6554
6879 2519
5963 7825
4147 8049
3520 1152
504 7455
1049 8795
3910 8775
4698 5802
8685 9065
5645 403
5738 6747
5323 793
5718 9526
8450 4170
5460 7063
2456 9536
506 4388
5304 9499
8508 7279
8472 2222
1798 3105
4368 3487
5332 9941
357 6563
4515 6753
5816 189
8547 4017
9793 9252
315 4301
1163 7933
7365 9051
1547 4055
6169 3143
7464 4883
7965 6136
6870 3600
8028 4040
9703 6737
168 3661
1677 2906
7571 6133
8694 4357
4586 7281
1997 5389
611 981
9767 1993
4501 4076
8179 2297
2886 859
7697 3042
2001 8851
2922 7624
3959 6312
8983 7586
1209 3024
8535 4434
9693 4356
6224 1363
7107 3701
61 6755
9230 2693
234 8308
1088 8365
4146 3728
2700 162
6788 4688
2946 7631
3652 3359
228 7690
707 5268
4052 9412
324 501
9233 3055
3411 7200
6539 3621
6532 584
6606 9361
5110 7600
6879 2554
7236 7540
5586 7117
2635 4112
7363 2766
9551 8108
5425 9348
332 4633
114 3558
2604 8200
7741 2213
3229 2643
8404 8458
8121 5141
8763 2724
251 9236
1442 8507
1833 2080
6311 422
4654 3923
2231 8601
1987 1291
2626 130
7217 6502
7212 968
9658 4647
6214 3941
9129 1237
9142 7383
841 9783
9505 2704
5148 803
2393 6191
7045 8206
4591 5363
8578 9531
2562 5157
443 3159
2701 8002
5036 9011
9883 5452
7368 6921
6303 8842
6270 596
7717 9522
3582 1934
9141 6509
6754 839
9761 7408
7859 2320
8971 5847
9499 2461
5917 8903
2708 1270
8615 3793
4629 679
7299 3883
8134 2258
1813 5290
5863 2884
9110 6402
9079 3058
5974 5996
1825 3113
1346 1663
3122 3546
9687 4235
3102 472
5309 5648
8185 8234
7662 2816
3055 8265
3148 8894
7330 2249
7204 9392
743 11
9633 4500
5382 3731
8161 9452
3442 502
7123 8457
5454 8653
8330 4963
8367 8552
1652 6334
1955 7690
3802 6654
5375 7296
9966 2868
2998 6371
8967 7581
4591 7771
9129 5923
2956 3680
755 1956
4261 3196
8379 2430
2678 5551
3627 2776
3783 2361
7759 804
8431 4760
3874 2625
875 4070
8074 6028
5270 3812
9936 7485
9416 8164
2196 9755
7566 3588
1091 7456
2408 719
7643 3232
3552 7727
6937 6225
6524 3210
3033 4004
3932 9064
2352 1956
8396 8653
415 2966
5987 6524
9025 2735
5837 9426
4953 3230
4817 7043
8509 6431
2728 3671
3072 1177
3761 2909
704 4691
5260 2473
2277 8841
1775 2405
5406 6734
414 3380
2167 5252
5680 8615
1197 1954
1016 2276
3683 4771
973 9188
2410 8971
5901 6955
4522 183
6435 3784
854 3170
4951 2087
1387 2350
6281 2208
865 9295
5256 5614
4369 2135
3509 9936
3638 6472
1196 8312
9668 236
2169 870
3613 5559
5522 9991
5285 9565
8534 984
1540 3548
4129 7034
398 7277
525 5387
2935 4296
145 319
9485 9102
8766 8423
7231 3667
7274 9859
5186 3443
978 4855
3220 753
3641 3820
8803 9146
284 5480
3260 8534
3073 3919
9279 565
7246 1165
3983 3268
6580 7626
618 3876
3077 7798
6704 5539
9783 8819
7831 1603
3635 8941
9242 6471
3096 3302
9885 5263
5255 1785
6483 6923
9967 6894
4190 6213
8339 5144
1354 3070
5231 4498
9418 5809
6076 572
9039 1351
931 1501
9678 5321
7057 936
180 8012
4526 1787
7031 4902
8405 6872
8507 303
9024 8127
7036 1006
2373 8676
1687 4288
816 4054
3408 4719
6357 2958
8959 72
5763 8184
2017 210
2794 5402
9494 7052
1825 2935
1243 4719
9038 8216
8105 1854
581 6382
6827 3602
6123 598
6012 5683
8142 9532
649 5676
8335 4176
9887 4437
8880 8987
3713 6190
1734 2040
7218 5057
4807 1007
6180 945
9215 9188
8838 621
2152 4219
809 5262
2765 6112
5968 3403
1872 9505
1166 1720
6333 3295
8004 1133
7282 7453
867 8914
3633 7269
4100 8540
9106 8261
2472 1497
607 3047
8105 5978
9622 1818
2973 7007
2873 9875
501 1031
9624 5304
9588 6396
3526 2241
5176 1762
1424 2498
6568 1434
4827 4262
6083 2611
5356 2826
6496 9893
7271 1924
3744 4846
8211 1651
1635 1005
1480 4686
8317 1211
9156 6998
189 429
6731 1347
6131 1044
8886 2851
13 9186
5325 8556
1415 4170
195 3632
7406 1690
7567 2583
20 991
1772 2888
7142 8622
5440 5518
6353 7373
7787 1031
9171 4059
136 3297
7435 95
1839 405
3594 2536
21 1109
46 1398
9516 3375
9736 2527
4952 6832
4089 5969
5560 6193
8740 4550
8976 4899
3131 4755
1435 238
2887 744
1076 548
9521 4137
56 4666
818 6265
123 8672
2924 5911
5957 4809
4284 387
1192 7090
3694 7974
5880 7473
2970 7382
2849 1045
5581 900
6363 3306
7478 2967
5191 4859
84 8464
3679 5089
8756 6462
2483 9136
5604 5109
8511 8235
8039 2213
3620 5791
9974 4221
1077 9387
3477 4813
2685 926
6556 7486
1815 3209
5912 338
8924 3566
67 8215
9120 1746
5021 9809
7656 2027
6946 2743
4844 9524
2151 1815
5989 8649
9898 794
7314 3140
9583 3428
3620 9932
5612 4566
3971 5774
1866 4401
5976 9728
5090 6843
9948 9998
4030 2133
3021 6933
2570 6128
8844 2284
7830 7574
5919 2127
8935 3136
106 9708
2358 4653
9641 9977
4523 252
8126 4357
2650 9987
3217 9245
8605 2725
9492 4786
9298 9461
8979 9607
8031 3672
6280 6790
1450 4167
2750 5858
9790 1558
5165 5270
9836 2511
7724 3901
3015 83
4080 7437
5683 6461
205 6722
3973 1594
5667 2664
9489 7717
6718 256
9093 9367
728 2366
578 3998
2038 8805
6367 4767
6336 1591
9856 8678
7745 2036
5103 303
1137 1429
1814 657
8610 3239
7457 181
5857 7952
7956 4534
9904 4606
7198 5401
9223 1394
1223 169
781 7408
8232 7152
3558 4339
8734 5028
2174 6571
7232 3001
3643 7048
140 5282
1771 4127
3064 966
740 5663
3629 3344
2845 310
3922 3702
4504 5066
981 7933
5839 3348
4360 3743
312 7387
8027 6719
3758 3277
6990 9146
999 5400
2248 7458
2002 7251
5787 5551
7064 7892
65 6732
9761 1864
2291 5921
6517 1898
3609 9456
2521 7440
1224 2253
4435 8721
4945 2411
1398 6266
9718 4267
2245 3067
2545 2694
9064 4224
6053 4099
4480 9799
9136 7291
770 6280
8517 3657
203 5441
9888 8755
2335 449
5161 477
1134 8231
4444 8961
1678 1324
8729 8330
9704 6960
9305 5646
8869 7166
7156 7722
9091 8600
1102 3830
393 988
4772 9196
8711 3533
906 3766
9071 5352
1430 3962
3557 1730
8025 2053
4387 2206
3181 5348
1726 3711
3824 984
9458 2354
8550 1883
2013 4814
5383 1843
7783 7797
7345 5242
8062 1341
6617 1405
9173 407
659 1807
2901 6308
6368 9129
7713 8807
6362 7033
4246 1479
3990 2566
539 6372
8099 7103
8906 9090
7883 8900
6319 7979
9468 3349
925 2719
4238 5565
5719 4688
4500 2611
2437 8120
1918 5654
5023 9466
7071 59
3195 7502
887 3077
5962 1149
7619 3899
6156 1991
7381 5520
8561 5460
1813 5139
2996 2924
3160 8974
9790 7296
7047 6985
3144 4840
5852 7698
4450 1534
2003 7148
8620 435
1050 2509
9957 9086
7232 4256
6231 2014
1147 1108
5587 2953
8031 2933
4764 2346
2492 2898
5432 4922
6813 2160
211 5841
8843 3399
3457 7459
5131 4067
2773 3880
5782 6139
6009 7996
9442 1366
4601 7235
1088 5601
395 9701
1590 2337
4747 592
3906 5272
7901 339
9786 4816
1242 6175
1848 9237
9373 2683
3313 3525
8854 1433
6008 865
6386 270
7746 7091
5618 5527
8660 5303
8784 4036
2574 3124
5307 3167
5362 7483
5733 9643
5053 9365
1801 6586
8373 7510
4512 7414
9761 1994
88 9477
4097 6152
3385 3047
5842 5650
8663 5572
5369 2327
7241 1550
9732 5492
7404 3256
4835 1873
9281 5693
825 1909
1768 8292
3247 3964
8819 4567
1334 2797
4817 3797
6845 7920
6862 8045
2772 6187
9509 1724
7060 6847
9730 3061
546 626
2747 7264
6939 4545
7274 5149
8777 8042
875 5315
5215 6080
5848 7391
757 5477
1288 345
7120 5699
1661 8796
2809 5576
290 8035
4254 3323
8432 9997
3573 7823
9078 7919
956 197
2579 2788
3858 1900
431 1516
1598 1806
2433 1988
6889 5463
267 192
8070 3226
7245 2399
1790 8713
3621 477
569 2969
2372 1685
3205 4158
8081 3198
2168 8792
4679 8993
5886 2791
2926 5581
9880 9057
2423 1280
4410 4777
6893 2881
833 6958
5831 7463
828 8322
5652 2094
7969 8221
6672 4721
6765 8871
8000 708
6732 3763
2941 6392
6859 5091
2108 9043
9066 9495
6096 4420
3290 9669
4976 5490
8689 4712
1503 7239
2822 5297
5240 5241
4105 3844
6904 7907
505 5758
3526 5914
4937 3698
2449 4249
7584 8293
6507 991
1637 1920
668 8596
9019 1878
3957 8796
4218 1722
7078 898
8507 4512
5132 9209
5247 9321
4552 5958
6666 111
680 7768
7342 4402
7050 4874
8935 2550
4294 4540
7770 187
2508 108
6650 2249
7837 992
7599 9641
5059 8917
3222 1597
8443 6758
6090 6955
883 3242
4572 5451
5724 7156
9147 8457
5961 5238
8845 5226
9366 880
1304 7136
5459 495
6404 5839
2123 8950
188 287
7473 3576
2512 7343
99 9265
3997 6371
5323 9411
3748 9482
1342 516
9578 4055
3696 6694
3129 6981
3315 1805
5430 2730
9379 2344
389 4466
6930 9486
7571 2984
6816 869
2694 7651
3815 5953
860 3884
5393 7659
1326 3965
5494 3783
3889 271
4203 3022
3759 8984
83 8145
1690 3685
4359 3563
3104 2008
3319 3687
6149 1544
6041 3170
6526 2800
4359 7297
9270 1543
5556 8560
4004 4756
2477 4561
9507 3165
2479 1240
7572 8355
4780 3352
7925 6087
6464 7721
9294 8597
1838 6985
5288 9435
1694 7145
760 3027
1283 5965
127 5739
534 9041
465 2201
171 1892
2587 9251
18 9682
3999 645
140 9374
1707 855
9003 6523
5898 2170
4359 5229
2937 3452
851 2769
3011 4924
6398 4156
2971 5692
5918 3826
1310 8851
311 1417
6462 7732
8618 7630
2436 9929
1493 9306
6316 9034
327 2388
792 736
5952 6426
5666 5512
3183 8357
1410 4314
4352 4916
6167 9947
9325 3251
4645 8255
8090 5173
9680 6674
7107 6965
1891 8271
6714 9192
6548 2188
9225 3938
844 2120
1821 611
775 8060
5310 4784
2912 2947
7771 5197
4839 8947
3093 3135
1653 6715
7493 6669
2781 6294
2057 9862
7640 384
9071 872
8856 8841
1753 4150
3084 9662
3476 7500
2920 7639
599 5167
9445 3504
5034 4242
802 2399
7116 15
1876 940
4273 5916
4843 8550
7553 8437
873 1056
6234 2415
8139 5746
6699 2345
4496 8287
4869 2765
9248 37
3330 6703
2117 4049
2890 6371
4340 6905
2565 4690
6937 6761
3570 4444
4430 5195
9608 348
4265 7830
1407 2247
38 9640
5796 6831
1838 9407
5382 8093
6489 7789
7752 691
113 6545
7536 6973
1532 8303
3692 1468
4736 5956
7544 9788
7670 1224
1401 724
9759 297
9116 2497
9653 1622
7573 8351
17 4753
8953 5630
1745 2209
5098 1223
1736 4345
2364 4457
5909 3887
3529 1634
219 4455
7611 3797
6560 8361
7130 6860
9599 3793
1938 7757
3052 7327
2853 7599
8668 8839
7290 4676
1015 4580
9519 5411
1399 1631
8608 9000
611 1842
3060 4800
1884 1044
2571 7713
4598 934
3989 2401
921 6370
6002 7030
5678 4735
3662 6898
224 6429
2262 7196
1455 7486
7223 6450
3346 5347
5513 8250
3952 4259
6892 182
684 1755
6953 4502
5891 3269
488 9913
8976 3754
6220 1798
1752 1307
1521 6536
3425 3776
8272 5745
2077 9466
7048 1792
658 3369
4128 5360
4792 6378
425 731
5679 3540
1300 8565
1127 3586
8184 2623
7631 4465
8779 7543
3543 3896
9613 5033
5260 6738
3299 4647
5179 2214
147 2491
2485 2504
8143 4734
7549 1173
164 1822
8568 3340
6847 4424
5952 5414
7344 4162
2210 956
318 8162
549 6935
9079 1988
6005 6779
762 1780
2328 6503
107 9721
2129 3579
8590 9109
4240 9994
5531 9210
152 256
2913 329
2184 1452
9480 7175
181 3508
5406 8
9356 8029
6126 4053
5309 9175
523 5754
5415 4371
5358 6786
2433 2184
2242 2787
482 8552
9385 1215
299 6884
5064 6238
5017 5073
7446 6795
650 3635
196 3575
2799 6108
3082 1484
1520 3118
7159 2055
7724 8089
7805 5846
6077 1835
6522 5201
1033 2320
9638 6607
884 6330
1629 9158
6948 3025
7197 5984
1046 7546
965 9954
9232 6440
4600 8028
8679 5142
8192 6286
7129 1267
8328 2457
7118 2228
2499 3012
2943 163
6519 6638
2932 3169
553 8485
9823 7490
3184 8331
7957 1830
1187 5558
320 7021
3222 9201
7170 7813
4042 6364
6894 4674
61 3327
3827 6634
9932 4229
4498 1847
579 5742
9576 6081
2285 5773
6987 9820
5224 2751
207 7061
5979 8757
9595 9047
1716 5124
4682 6939
5407 300
1339 2730
1432 89
203 7422
3338 4742
3697 4730
9697 751
4326 8332
9404 9028
7376 979
1505 8924
997 1467
5709 9512
7994 2084
2313 7575
1495 282
7955 8459
5570 4933
317 5435
2123 528
6404 5330
8546 6267
3858 1903
3514 2874
8174 8736
513 2016
5333 5303
5962 8444
5959 718
6034 4805
1326 967
7601 2004
3030 5645
1649 90
232 314
1919 8627
5519 2609
5075 5311
96 3664
2912 6208
1889 5318
7848 9225
4956 3220
506 7378
7896 470
768 7416
8797 7979
1062 2638
205 8219
8584 6372
4569 2901
3499 1952
9722 5562
8391 929
715 7374
6838 4190
7107 4115
751 6917
167 5522
1574 2777
4962 7161
4210 4830
6488 8266
3418 4634
7763 2410
6156 7793
9379 1892
5148 1672
7934 5183
5703 7307
8495 9999
6038 5599
7998 704
3870 604
6676 5990
3706 5391
6012 6449
343 7860
3246 1533
5777 1996
1443 9620
8840 9253
8360 8520
5223 6387
7991 7937
3934 7691
4565 8821
6780 635
6948 8882
6357 267
9586 7258
3834 2255
9604 7
8035 7397
7466 4703
5231 9784
9729 3471
9319 5680
143 4062
9387 8599
3483 3128
1822 6198
5827 164
7843 3935
5447 9987
1899 3650
8581 5772
4893 9297
271 3876
5458 9005
6340 8800
922 8091
6250 7912
6458 8305
7927 4863
7582 3978
5685 2508
8544 1034
3820 1856
7221 1452
4421 2932
8659 31
5287 5312
734 4173
3881 4007
2934 1882
9165 7575
5998 4120
3119 2730
9569 7420
5616 2599
2735 4735
5945 7474
4723 8299
8514 3993
9336 2998
9464 9214
1561 6587
6127 8645
3172 325
2975 2220
1685 1340
6247 2291
4772 4620
8997 4889
2371 9774
2632 9848
4441 1158
5837 4630
1943 9716
4021 2612
5238 6264
200 4141
7917 8188
3473 6123
2848 1321
3392 2323
1168 8735
6615 1782
8789 1105
3419 4239
1485 4862
6949 9155
8801 8138
6019 5049
7707 538
5715 1936
4226 6988
6072 4454
3138 527
8859 4695
6011 4943
8845 8187
5988 2835
4822 3335
7039 4746
3358 1601
8366 5606
8867 6350
159 4422
5263 9815
2963 1679
7875 4325
1279 5319
9010 7071
7145 3545
6235 640
6820 3770
8301 3669
5109 3008
3000 5492
5514 4733
9625 8441
1784 4213
5753 3721
4131 8585
3071 9411
1111 3898
1760 269
8730 8636
4783 5412
3633 1664
7574 4318
9755 6740
3034 8368
2289 3505
8441 3154
7787 1718
6647 1306
3299 4267
9078 6777
1326 4381
8011 9674
4497 1047
8412 8364
1253 7396
407 2225
9765 9870
5489 9500
9906 9069
7819 3653
3340 1020
2071 4334
45 5022
7835 5060
3590 7884
6831 7054
887 2680
2649 6692
9842 7776
3708 6767
7105 2258
3940 325
273 3457
8487 1742
9825 3160
57 8958
2392 3469
8915 15
325 1313
7614 9931
4364 1104
6018 5774
3274 6192
2485 2920
3972 3391
3918 1953
9226 373
7941 8567
7377 3703
2782 2660
6408 457
8505 5810
9982 862
3392 5284
5878 9354
7569 6216
5912 673
191 8223
4048 685
9487 8883
6236 9737
45 5398
1266 2151
8140 1080
5209 7719
2365 7369
2801 4680
1297 8715
3259 2099
3554 2427
7088 2843
6421 955
1252 6920
2138 9094
1902 8957
4423 5143
2443 5205
9635 1541
3926 2999
7298 1536
9660 7080
4789 2595
3342 151
4279 3643
4014 6004
260 786
8804 1204
6118 662
5789 3543
3370 9861
1707 6084
1361 1582
6420 3421
813 3497
3502 5882
13 8326
876 7328
9139 4821
4260 7394
7778 2035
8826 8644
9285 2875
6220 6633
3587 5590
93 2058
4344 3586
8337 4414
6569 6357
8123 4468
6752 3002
3722 53
2567 8479
9661 3022
9775 7037
4802 6627
4601 6285
6258 6075
7291 6737
1832 8407
2616 4487
2796 6540
9712 8254
9398 5127
3001 9020
8606 1435
6596 9183
433 3665
380 7779
7262 6774
9300 2467
3144 7585
5304 8198
3779 294
1483 9460
9454 3908
3493 1915
5770 6493
1436 8119
9202 6934
5464 8357
8637 7503
7164 3854
9805 8687
787 9571
7295 3940
5934 6012
4984 9818
8907 6580
4743 3374
1918 9797
5660 7928
8236 8623
5410 6574
8998 2502
5631 7537
1710 5085
7785 8096
9553 8216
3294 8342
6596 5196
318 890
2688 467
8163 7439
6546 1019
8759 767
2292 3215
6125 3085
8430 6821
676 6539
4614 8965
555 6462
1566 7177
384 9380
4241 2832
8605 1507
5989 4310
9215 8391
7060 6145
201 3147
3264 6968
8664 7287
4085 3032
1362 7518
3149 7990
9990 8920
2093 2505
699 6016
9191 2465
3222 8863
1190 3745
5552 4137
3287 986
9534 590
9736 2851
7447 9532
6994 6268
9674 3102
3845 7563
7932 4330
2902 8147
4529 3218
5610 3154
3005 3790
9513 5177
2837 3443
8255 8856
2697 9791
5184 3599
8555 493
200 6531
3658 4147
4139 9867
5245 427
9725 9109
6161 6331
4957 9444
9196 6975
3050 5829
666 3281
9272 2861
6620 6445
5649 104
4389 2313
5849 2320
7584 1086
6471 5676
7939 1206
8304 1666
6585 6480
3669 5040
3563 6209
724 2054
881 4578
3043 2558
3482 2993
4289 4556
9860 2178
5227 21
652 892
706 5145
2546 7612
2467 2941
515 7876
6599 6787
5244 1809
297 8898
1234 8875
6606 1041
6401 7866
1009 2181
5178 6913
6763 2764
491 1490
4909 3877
7232 8071
6857 718
1780 4835
8112 2898
3255 7721
2425 5966
1449 1861
6398 5589
2389 3271
4074 4880
2360 6671
7630 7855
7313 2382
7382 3773
3294 1935
9900 1015
9 776
4250 7099
6516 2299
6603 8414
5979 6952
813 1389
226 46
9160 7547
4266 9685
8696 1601
1573 9724
9487 8537
9376 3257
431 3515
6893 198
9751 5202
2362 708
4703 3375
9741 2633
1052 6570
3347 3913
6542 9205
1307 8468
3704 9169
1552 8770
4671 7618
6642 6051
3808 2933
4459 784
1280 458
5838 3931
3906 4510
1184 5142
1145 6438
3705 663
5495 8862
1716 7641
8056 3610
872 817
3272 4057
2733 5007
2728 196
5039 9506
8757 2588
4118 6709
346 1203
4669 9881
1659 9677
9075 2021
369 8722
8088 9383
6342 8228
7800 935
5341 2847
620 7375
711 2745
3907 7140
3550 1481
4212 1267
9985 6103
5500 4768
4530 7579
5257 7394
4569 4526
4760 6229
2594 7694
7110 1066
5272 316
2597 9338
6536 8893
5205 3150
6801 1584
6475 474
9368 1659
2291 3634
9939 4387
8964 6298
3816 5955
6000 5846
5761 7548
7194 7711
3636 2718
2436 9299
1721 3981
7947 7852
6501 5920
4098 5628
3765 2481
4045 8593
1971 2469
3031 785
8158 8710
9625 7083
9196 7230
1672 6873
5319 2542
3519 4810
8384 6372
3460 2238
4694 6684
4663 9034
2258 6164
5222 5232
5799 4912
1745 3753
8483 3341
5828 3970
2218 2778
4593 2637
3548 3530
5810 5826
4241 9138
843 6982
7798 3953
1793 6489
412 7761
1495 2203
2236 9515
9055 1925
5529 8369
2673 7488
1179 8956
7066 3458
4307 2404
6682 1145
3032 4797
3920 8435
612 9946
2634 7317
7005 9796
9721 8575
5253 7993
5747 61
232 8082
2137 6353
9763 8539
6406 4541
1841 8177
9959 9107
3307 7504
5056 8551
457 772
2306 7539
968 5753
220 4801
2836 7950
5908 850
984 9403
9475 2453
4895 9219
7831 486
1271 4029
6871 7600
9570 8732
7236 9909
4562 5306
7999 9618
7381 8753
2988 3599
2598 2620
3405 6791
5623 3223
6793 6654
9100 2931
6093 1837
3276 1067
3935 8395
1964 6394
3298 1313
2553 1787
8538 2555
5264 1540
3357 6964
1707 2128
9633 168
545 956
7671 8053
8682 4589
2206 7800
7513 6670
2041 2894
3521 289
1703 5148
3037 4456
9471 8895
4363 2730
3444 5577
2460 1528
7622 2677
5198 4342
8516 4361
5761 6321
1498 9672
9275 6941
6972 1095
8837 4633
5411 6197
3384 4134
1660 2490
1159 5805
6812 1732
6443 5015
4896 4292
4182 3
2800 360
2972 2574
9422 6730
8464 420
8317 891
9386 8170
834 5515
1358 1761
2167 584
3250 7941
9647 4609
1789 9537
4769 1480
5883 1161
4 8899
3523 6213
8370 8955
7948 4602
6174 4880
8073 1702
5401 3934
4533 5681
2677 2317
7160 7117
7498 6053
3078 1453
8865 6389
128 9657
5775 3016
274 9071
4673 8135
7664 1793
1072 8123
8850 6488
9698 5883
4978 3535
8684 9673
5251 4245
40 9877
5232 371
2163 5876
1956 3700
4373 4584
409 2698
4530 2138
6258 6743
7776 5160
5868 1938
4874 3433
2066 7805
6042 5267
3720 8129
5179 4252
7139 4210
7746 1397
7529 3486
2903 4928
1915 5261
3040 2513
9341 9190
1556 1456
2895 3506
1650 5932
9180 3319
4675 1606
3893 1953
8528 3565
7688 9117
4034 7729
6809 2046
6528 4486
3493 4724
2243 5785
6776 2174
2952 4055
3491 8989
5212 6117
1531 6824
7889 2614
1208 7431
1414 4553
4077 8114
1558 484
6897 6391
5461 9851
9760 1728
6404 5332
678 2662
5214 4086
5737 7320
6930 2371
6590 3096
1029 2686
8509 6447
5159 7877
7247 2065
4989 8036
1953 2246
9865 8131
1171 2341
9143 1252
1726 7134
2238 9312
5393 9121
1447 5477
6968 5329
9125 8506
7292 52
1377 8206
5822 8385
4023 8338
6644 1671
9088 1828
3535 4936
6833 6192
2747 6428
1087 9045
3649 8150
4681 7559
5984 4129
621 3160
2369 5034
43 4370
4651 5388
4149 1050
43 1602
4075 1718
7592 1202
1312 3680
8614 6855
2613 5308
9425 4452
4701 7390
5698 4347
2256 8175
9378 3705
1427 3305
3912 3925
6415 1524
5861 6292
0 2139
7868 2199
34 1144
9634 5094
8143 989
7757 6792
4595 8238
5082 7538
2970 3692
1471 5970
1511 4104
8093 3672
6326 8100
9440 4880
2165 8187
6661 1353
9632 1998
9628 1057
4235 8785
6185 9919
8514 2649
3342 5050
6273 4018
4988 8582
5929 8606
7089 3633
5301 2805
4098 2755
9136 2451
7847 2711
7448 1933
4773 6024
1379 4406
7103 9521
2842 7673
6723 4156
8870 3633
276 1604
2592 7864
5046 9655
4345 2245
7225 307
1810 6312
2454 6195
3244 9058
4033 9834
1108 3364
5932 4103
3642 3814
8640 3368
6661 9572
8509 4848
61 530
3694 4464
3290 2512
5015 696
2470 8115
2305 6762
2145 1774
8436 8453
6052 1667
3494 3770
6980 783
3747 1947
2515 8938
5166 1717
3081 7528
4613 528
3316 217
4852 2347
4439 6594
2297 302
5754 2420
7628 2264
1562 4355
4622 2000
3643 6840
9853 3857
2124 3413
9343 5373
5822 1719
6803 8041
1268 871
3866 6294
6592 7878
6055 3334
8864 9117
4407 6070
9899 5779
9418 3687
44 7929
7935 2784
8059 1211
5194 9352
7402 3488
4669 5474
202 805
6484 8807
2495 9403
2955 1946
3951 4740
6135 8622
9617 2950
1205 9597
2387 6120
7156 3602
9545 6627
918 1539
2115 7318
8977 4254
4794 773
7311 7441
8485 2216
8476 4723
1715 6984
8833 9739
9314 16
7522 8172
3774 4113
1331 9679
3546 5572
644 8918
9669 8718
485 1422
8762 2223
9101 6653
1086 5762
1239 5721
998 1965
2768 8315
4012 5026
3473 6720
5416 3188
1781 2305
5207 8115
7220 3774
720 6468
3425 2974
6832 2240
8484 1022
2692 8510
3842 3378
4359 8701
1510 8707
1726 6625
5276 3065
8068 1015
4062 1175
1947 7829
423 7570
2932 1241
9028 4657
1068 1457
788 9912
1502 4605
1491 6042
7256 3473
101 6721
8894 3860
3263 862
145 315
1116 8714
4942 9405
4967 3696
1081 4614
405 8226
3484 792
150 2083
5767 665
2537 9441
1736 3378
2599 7626
9255 6146
5908 6600
2193 9145
8844 2926
2989 6694
8315 3998
9019 5516
9037 3347
8560 6419
6452 6209
5911 5521
4535 9286
2770 3458
7272 7170
7487 8579
2715 6147
3262 2459
4424 3116
8588 5340
9627 8538
8966 4759
9417 1851
854 3604
1446 7884
4826 9433
4238 1535
2320 620
6010 4615
7162 9765
1060 3512
2161 6212
5859 4204
7528 7751
2193 1997
268 1099
1776 272
7914 4660
3042 5843
3695 7679
9475 466
9544 660
6166 8353
5687 8946
603 7434
1463 246
5666 2597
1654 3577
70 5711
7375 9539
2331 5832
9918 4254
3967 2238
6067 1559
4573 8309
7916 6089
3748 1213
2030 4949
1162 2300
8982 4659
5359 1212
2912 8435
5397 3764
2671 8191
6040 3362
6141 9646
3237 8852
2102 1710
8392 9349
8295 3287
9552 3628
4595 1617
1728 7479
1840 7656
8602 965
2870 8781
2717 3040
228 953
2019 3538
9639 8734
258 6545
1525 5615
4997 7331
8212 6148
5493 8598
3733 822
7815 7407
3088 6057
8171 868
1286 6598
3685 4275
602 1442
2783 6025
79 237
9586 4153
4611 8847
3420 1625
6948 6727
6352 8607
2816 4242
4734 5491
8868 9785
2242 7790
7968 2409
4858 6375
2067 6886
6622 2891
8460 225
933 4139
7664 7625
1907 8906
7500 5552
5635 1534
8617 3957
9347 7434
4327 2315
1231 8083
8463 2234
7903 1051
7736 1685
6789 837
7013 8336
4496 8731
630 6368
3398 2881
2528 726
9005 2137
8474 9296
338 4386
1633 350
3917 6724
7580 6071
7261 1803
4532 6903
6296 5486
1989 3509
5718 3645
9795 2483
4160 9030
5238 4560
7068 45
7017 8186
1059 9919
9780 5680
8116 6151
7042 8378
72 4689
4617 1564
4579 5732
7863 193
2069 3532
8576 3709
633 1932
2391 7786
6502 6134
4748 3217
3927 8094
2202 8416
8440 6289
6361 1475
1933 3724
4009 1556
5204 2456
5030 8003
3279 4515
7309 9891
3834 561
911 3532
6845 2062
3902 9689
9456 3251
2547 3462
8165 7469
2106 5815
7619 3979
7138 8251
6830 8925
5680 1112
6575 1396
1868 177
1534 3320
6837 7283
8803 6267
4061 7795
2733 7183
7905 9379
9046 1350
2612 5645
8397 542
2126 2019
3348 1436
4483 1014
355 839
212 4571
536 2952
9105 2593
7959 4626
3561 4567
7279 4590
4273 4984
5055 6923
5043 6264
4637 2031
5735 8787
81 7415
2749 2590
4157 5193
9645 4818
1978 5369
2010 3126
1641 2850
5271 3755
7670 4556
1645 3277
4082 5937
4503 5544
6571 6796
3757 2332
2452 7576
7930 5689
3305 2433
3741 1298
1138 9961
6015 1775
6020 1517
4252 9091
806 480
1056 7185
5530 8227
5128 3459
4980 3546
5575 5056
8081 5784
2761 4644
8560 2068
9990 5695
2800 4675
3984 533
2936 5999
2279 8293
5055 7669
7707 5407
328 5129
51 4528
4685 2896
102 5152
2921 2474
5755 3086
9813 5533
500 4280
5041 5804
518 8662
9756 4000
6227 8955
1377 6200
2634 7754
5812 3230
8014 9129
7328 1123
3595 2314
6405 7649
8937 782
1208 6758
5362 6667
6940 1174
1850 1931
8897 9997
6582 7555
1963 9513
6357 1040
7279 1393
758 9747
5185 927
1464 8504
6252 1140
7995 883
9240 1045
6768 3514
5330 2394
5637 9785
9690 9985
7353 1498
5399 8316
5785 176
150 8131
7404 4915
788 9488
9156 3892
5014 6243
4475 3160
1752 8641
3881 8149
2758 7106
8448 1769
6786 5426
3668 813
4192 2045
8321 3324
8986 4722
6026 8794
1395 7571
957 5005
7865 249
2927 7637
3562 627
9163 352
347 7616
153 24
9483 893
1707 1986
5321 117
4929 1647
3497 6450
5060 2368
1541 4851
6948 6833
7623 7605
3804 8529
980 2862
8658 7315
7124 9582
2510 2897
2743 1291
3619 1811
6169 7890
4218 374
2990 1057
7459 1
5811 2500
1461 2419
3980 1945
5652 5607
2307 6861
1635 9913
2692 3100
6100 1199
9235 9382
8223 8411
2131 6396
4332 7360
6567 6403
3372 8181
1409 579
5101 9275
2549 3268
73 7973
4788 7041
8313 8778
8972 4358
4015 2827
15 6698
2840 3525
6101 6782
8994 8524
4604 7768
8756 4845
7769 8262
1439 4037
7942 8477
5475 4232
4460 1289
9997 7784
428 6447
1869 5019
2148 186
7407 5595
9555 9533
1799 2796
6096 594
4905 7436
6041 2102
1003 9624
3485 2149
4799 4065
1114 9646
9782 1298
2035 9074
1542 9584
424 304
6577 7583
7419 6685
276 5875
8533 4194
5957 619
9364 8654
3382 481
2148 8841
944 436
4353 3158
646 8027
3083 8219
750 6508
2615 5405
3729 1029
6105 7929
3171 8464
3464 6444
8113 8080
6989 3445
8466 1143
4145 2335
345 9034
4184 25
8308 3461
5227 7180
6492 7894
7294 7858
7850 8222
3167 9949
6604 7593
8726 1229
8537 7467
355 3549
1509 6914
4310 6251
6390 8196
4939 3227
1402 7539
7101 2564
8762 7024
7053 2798
5622 5960
8056 115
6422 5116
3121 8226
3455 1165
650 5772
9065 5540
2261 6326
4596 8376
6482 8409
9176 729
6183 243
2378 6018
5922 128
1566 6785
3517 4247
9509 8919
3984 4050
2759 5543
2417 8515
2720 3916
6727 6036
9911 8124
8818 9272
5247 8103
9182 9828
8772 5453
4808 3445
5059 1774
7839 8822
3396 1416
1200 6199
3135 4883
2384 2391
3366 7073
9140 7301
8217 5430
4497 5326
242 3892
7014 207
1634 7348
8503 3290
8564 8438
6075 7543
7172 9889
5643 9369
151 2007
614 2879
4848 3211
1355 6845
7277 8890
19 3795
1490 4330
8699 1476
9801 3253
8493 8261
3238 8929
8495 4040
2329 7396
830 55
9934 4313
7526 6896
1582 3137
6804 4211
4533 9933
4064 8154
6707 6463
4683 5950
149 6348
5211 103
2496 1525
1270 9215
5066 5146
9606 5300
3523 2106
7658 4821
9752 6598
2322 5659
8645 7668
1702 9465
4142 8353
9896 8762
6079 3687
6506 4881
7794 6549
4667 8094
2033 9490
609 9816
6877 2020
339 223
4664 9374
8417 6803
5692 9750
8596 7999
5195 3091
5507 1173
7157 9813
6203 5280
5314 6836
1639 638
8071 299
8024 7531
1100 614
4594 8394
7189 4088
1304 3873
8783 855
5226 1879
4885 8285
878 1800
7477 3475
3423 5871
746 9955
9828 4087
2424 4561
3821 3719
2839 7655
7258 3593
8496 7955
7804 1256
5587 8095
1335 7739
6150 2563
3130 8242
3875 996
7681 6649
6974 8147
6860 5127
451 9543
3032 373
3019 4066
6159 6097
5488 4622
2565 6783
905 7087
1145 5008
5879 1042
3722 2263
4337 5797
3444 7842
3502 1004
5831 391
2426 5848
2899 7607
8444 8393
2760 6759
1437 1783
3624 9682
7615 4705
563 1378
6014 4308
2208 6500
7293 9508
497 1173
2525 7254
497 8592
7847 1201
1598 6898
909 4517
7789 5913
2715 4207
479 8847
9435 3873
6183 5693
14 1690
8054 7112
6799 4808
3965 8343
7689 5335
1333 7492
4396 4825
1150 8818
4519 7953
7008 9198
2899 8108
8513 5164
7673 1127
578 6517
5829 4108
4019 5010
1875 2171
4003 8048
2781 7534
6748 5765
8993 2634
8862 7397
6918 2896
5482 2149
2187 5299
5465 8444
4657 9806
8193 9548
7191 1944
418 7965
9423 3375
8169 5290
8706 3403
5697 5951
2830 2715
9830 7684
6912 8051
8136 5987
7706 9262
4973 6880
8248 4733
7894 5206
2699 537
6945 5636
1901 7869
7683 1774
3224 7010
2696 6391
2077 4024
9475 149
1507 134
1494 9613
2811 631
9371 1941
7918 3960
4374 534
5247 4488
2502 8371
9782 7002
6052 4754
4953 3380
3367 1238
5389 3823
2052 3659
7381 8207
3781 4175
5675 9218
3662 1064
5322 8481
2059 2772
2573 4495
5292 6311
8963 3689
4183 1476
4386 5975
815 2338
813 9344
2069 8571
4031 1916
6459 1277
9326 8764
1429 264
4333 6640
4681 6153
7715 623
394 7537
1630 2181
1566 7094
7506 4257
813 2592
4728 4768
5571 1627
1471 7171
2383 214
358 428
9098 2715
7652 82
9199 1795
819 3811
2187 6521
4189 8109
6725 1569
3690 3813
8018 391
705 5358
9594 1682
6590 407
4616 5004
9055 1131
6883 3845
6603 9244
7662 3341
9813 7474
8417 3363
1028 1566
522 5539
4794 9616
7393 8624
6486 4853
7333 1723
4789 2469
657 8691
7418 1517
9202 2989
9658 6684
3242 5349
8384 3607
6375 4981
1458 2543
9304 882
7657 7594
5063 9441
696 1157
131 8543
7915 7871
8974 5611
8903 1531
3856 6007
6870 2807
3590 6885
268 6437
3024 2680
235 6719
5964 6850
8963 8828
8881 5111
9384 9892
9317 8007
6414 1880
3657 9509
8442 2532
1381 2268
4970 1025
8708 4397
9560 8147
3468 6637
41 757
9717 2408
9709 9518
7914 4417
6534 3116
2423 7893
7487 7178
831 2879
5496 7321
7391 7419
6867 3436
9239 7907
5758 9975
4787 8511
498 8320
3078 4672
1122 9358
4378 1536
1576 2706
6786 47
3308 82
4516 6099
6540 6757
5717 1125
1227 9937
3329 1839
2484 9309
5723 6650
3342 6008
9157 6159
2569 8480
4527 8638
7356 2540
1852 8083
2877 3444
7155 8188
3869 4542
9072 9472
4927 2944
4616 9293
8344 6475
3113 6
6648 400
5662 3860
265 9621
8023 6114
9220 7363
614 6848
7406 2315
8612 8347
4070 8378
430 8872
1370 8818
2964 9067
9986 3418
963 3603
1955 5667
9108 3060
826 557
7215 5453
9343 9027
1922 3817
4813 8201
3828 2237
5261 9866
4855 5017
5657 3163
542 3351
2594 9688
6183 1487
4040 1205
7128 6328
3643 3235
6096 3339
1055 5235
7305 9034
4619 9903
316 9745
3829 1570
1372 3973
5434 1395
1146 6817
3801 3935
7655 613
573 7646
6680 2802
5540 3564
637 120
1396 8009
2578 3553
6340 3492
3605 9408
6220 8394
175 9952
7379 8190
2068 8902
1407 4272
5557 5526
199 3041
7187 2161
2197 4749
9833 197
6888 5504
8877 931
4626 4177
628 6981
8145 9719
4901 2220
5281 9629
4362 9371
6907 4403
49 4670
2380 8521
5719 5734
7279 8713
4644 6261
2506 5390
6879 812
6046 2470
9745 795
9695 3390
4664 6029
823 9905
1740 8883
3088 2090
4552 8726
9791 1342
9531 9355
165 8943
792 4712
8816 7222
1632 4564
2942 3675
4410 5302
4804 6256
1831 681
647 6086
8610 2597
6746 8909
4444 5504
6457 5593
1444 2595
3496 5736
4071 1202
9654 6991
5994 1255
1054 7700
5249 8554
752 2449
7451 9771
3012 7959
5038 9633
9587 8518
9446 3612
216 4783
6935 3777
7102 8886
4579 9974
3605 7738
9128 6324
8630 1316
5980 9942
6230 2071
1331 789
1170 2711
7603 6014
7550 1925
8837 8439
3178 5236
4588 3489
7649 4202
8108 3033
7625 3225
298 863
3574 3217
2672 3006
1101 7602
8041 7793
9501 9021
3055 8451
2907 2415
5916 4659
9892 362
8771 9901
5230 4090
7509 3889
8174 7176
7950 9491
4161 2313
7758 3929
6772 1229
3580 7802
7981 356
8477 7339
5472 4474
7077 4739
9397 9064
6214 3622
209 5724
5568 6176
8583 1765
35 7170
4376 2039
1524 7298
9001 8655
5764 1451
6470 9974
8488 7553
3479 8148
3673 914
8649 7605
466 1972
9711 4914
9383 8494
869 6852
7863 1490
9249 5342
2185 6648
4793 7570
5254 1277
2799 4841
2530 7991
366 8222
8086 100
7052 1367
7814 5620
6891 3070
983 459
8572 1347
9603 7963
963 574
4032 3389
7734 2939
3827 5555
3633 1748
4929 9363
4553 2681
7517 9940
8888 6983
4000 6510
4119 2024
7094 6516
6205 4380
2625 316
5569 8380
4348 112
8419 721
4744 9026
1816 3395
1618 1450
3702 4639
2567 1339
9650 5053
5389 5421
6902 9123
3631 5275
4438 8769
4966 3350
5781 4431
7660 4222
6061 874
7121 126
323 4776
7014 556
5012 8530
9854 5145
9500 3914
5239 6691
3190 7907
5841 6050
8666 7618
5057 8372
4478 6695
684 5639
8285 7947
5948 3261
7931 5855
2353 5445
5 615
1220 2479
2997 7844
2293 6054
9431 2077
4287 798
7148 2818
5009 204
5941 7378
6298 1897
5397 8043
5074 7514
2112 113
6327 6636
7551 9125
3689 1667
3218 2310
9025 9657
6152 8518
7242 8407
9620 4729
27 7130
2414 1086
9645 3704
8725 1046
4835 7418
8203 9196
7594 4253
1984 3688
7093 9025
8194 4353
2230 4411
194 8637
2855 4911
7355 8332
5608 3755
3275 9754
7983 7775
8955 7837
6629 1632
6455 3572
436 3536
1870 6175
9126 5076
4692 2601
4407 9668
306 8077
9570 5506
2198 958
8306 341
3831 3140
3270 4172
3601 6045
9129 3076
342 2828
6136 9777
1691 6685
1384 9952
1180 7273
974 8098
4466 1055
206 2854
5065 7016
7995 666
8774 6811
7345 3388
9044 6743
2229 5286
9305 7621
9393 5341
3371 370
6270 6125
9849 4214
635 6690
3758 3856
4212 5874
1268 6555
402 4380
5858 2682
9691 7445
2981 6124
4547 4730
2054 9877
4036 8058
3297 2986
2993 3347
6226 752
1763 287
4505 4285
7523 9415
5564 8874
2960 8261
8222 1314
1273 591
2300 3062
3165 6390
4765 3791
2468 6895
9475 8498
8136 3717
9561 1706
2140 6635
1894 908
289 5548
3093 1054
527 7512
6610 7701
7290 1907
3839 5104
5351 2287
7485 3544
4058 8338
1801 8433
1571 2714
1189 403
9351 4296
5988 2208
1278 1015
2475 1010
7538 1802
7523 6836
9834 5377
4496 3637
2224 321
3974 2085
8059 1430
31 8159
7818 6421
4777 523
6344 354
9294 9025
8057 7686
2689 5364
1572 8260
160 4044
8496 5386
3112 6694
6377 5313
50 5120
3262 2734
9873 3449
6820 2827
7303 1405
8812 7306
3164 7317
8921 3610
2281 6236
7728 9147
1827 9131
2754 1799
5902 4425
8040 9036
1424 9319
5158 4866
3062 7077
6441 8848
1526 3500
1192 5024
4859 2294
6949 1967
4871 5128
5275 144
4226 4402
121 2207
9960 9858
6044 5145
8024 4326
8096 4411
9546 9168
3650 6551
7438 9308
3036 9214
2232 2957
1344 2934
8847 4168
9324 9686
4755 7904
6361 5440
1154 8761
182 6901
8810 9180
9429 7835
2651 5225
7387 8873
6356 2443
1231 1473
7395 1989
9942 1967
8300 3756
7677 3644
536 6322
6162 8041
7791 4128
9037 749
7307 4524
799 3791
2202 7424
8799 8677
1539 9162
3648 4799
7342 7597
1276 2828
4174 8078
3118 1987
5010 7324
1122 6381
2438 350
8386 1312
693 9368
8787 7991
2435 8345
7374 1783
8410 5635
601 3624
1087 2815
6891 9967
8302 6204
2200 1764
8310 741
912 4460
7007 9310
8052 6670
3520 2815
9621 7322
3326 2359
9379 515
1 6413
4306 9601
1161 8177
8175 1001
9185 4365
6863 3714
4822 4810
5290 944
7665 4992
5254 9460
1152 8666
8088 6441
1111 6031
3694 3846
4838 7169
4257 1166
4346 1711
1106 9366
3871 4937
3918 78
7067 3043
7858 3332
7186 2934
2298 7128
3020 5613
7172 317
6672 5354
5946 8783
9845 9209
2860 4333
238 5042
2572 5611
3597 9055
7609 9817
3186 6183
9468 3014
5405 148
5150 4105
4801 8647
3433 2492
5024 8893
7252 6453
2239 472
6300 7922
5761 2568
2588 5580
4383 1226
9463 8340
1739 1960
1839 4233
5362 3945
9843 1311
4092 6758
3441 5473
3851 3322
7992 4785
1975 8633
463 1885
3128 6552
5741 1533
943 5546
0 7352
7741 1262
3031 6050
125 4393
187 6949
7504 8428
3316 6416
6677 9429
9245 3782
7245 7587
518 9419
5656 9933
5793 2669
8492 7579
3849 542
2146 6095
6302 7765
2928 6024
6403 1211
687 5127
8498 7706
1262 4987
1519 5553
3314 2850
4560 2147
1335 4665
5162 8674
984 376
7410 2845
9224 6776
7589 4046
6388 7239
5143 5131
9696 1833
5052 9803
499 2602
8768 3155
9609 1026
2958 7337
7022 661
3221 6413
2806 4662
9112 8595
5084 804
7698 4958
9747 8039
1179 8786
2229 6626
1106 46
1024 5408
6589 1250
5459 9518
1387 3191
127 3007
8035 1453
698 9487
8891 9922
904 7272
4339 2936
5417 4233
4511 331
626 8613
6582 1580
7206 5977
5717 7683
5034 4034
3488 1231
8062 4186
1019 3615
9963 5329
7341 6122
4792 5927
7695 6665
2977 4774
6341 5449
2518 8319
7634 8688
4320 2767
5127 490
5484 2276
4125 1604
2580 691
4522 5915
2700 9023
5745 5218
2930 3942
8522 8476
664 2196
8903 6612
12 7461
4056 6646
9004 3345
3644 2994
7122 8454
1715 9982
6291 5088
5613 2548
3020 8030
3397 1110
8501 10
3207 3230
8708 2956
9313 5245
5849 2013
8872 60
3102 4678
5476 5633
2170 5338
9250 3216
2947 8633
7826 7774
244 3530
8837 4303
9171 6431
7537 7265
9163 4578
3598 822
1232 4707
5016 912
8279 6056
3823 7674
3622 8839
616 6445
1574 5267
5238 1366
9631 7243
7620 6307
8184 970
5268 3409
6717 2023
3841 3976
3136 6853
2603 4178
5107 3518
8621 671
3534 4111
4231 4255
4055 3739
4228 9181
4436 1380
6657 3577
860 325
1222 4642
1132 9916
2535 9735
7062 2842
3279 2641
4537 9706
4324 7332
5001 6565
1373 6310
2827 7481
2039 3740
9424 5623
1033 4994
6290 239
6096 7913
5445 3242
6782 9818
9889 5721
7792 5043
5551 6718
5367 2588
6056 6291
9935 9497
2746 9381
1445 916
6735 1149
1401 7731
8264 64
6610 1088
2791 3691
3470 129
4002 8392
1051 5245
514 92
28 7443
9808 8896
9963 6318
3711 7273
953 3110
6041 1515
1376 6561
1012 8788
8246 8749
3883 5102
617 3939
2301 7232
3560 9032
1804 2988
2985 3794
4602 7376
6454 4812
3232 1699
163 3465
1098 5902
4079 6146
198 2261
8262 1434
5886 7196
1459 40
3676 9909
5940 7481
9207 9956
2099 9317
6719 5077
4166 6132
4230 2784
6798 450
390 4249
5323 3420
9890 1026
4335 3839
8017 1257
9407 9867
7142 1387
6122 1912
5048 2602
5363 7398
5192 5729
9872 3738
3083 9980
553 2464
5737 1735
5723 2444
1425 9664
2426 2618
3956 7002
6689 339
208 4484
9615 3532
4570 8545
1533 9450
8202 1621
6078 3794
2239 6037
9725 7694
1759 1804
427 5144
2334 1418
469 8917
2751 8503
8507 2841
3615 5626
7262 2762
6543 8371
4563 5291
7143 5174
3059 2972
4462 5982
9995 9621
6486 6617
643 2713
710 4494
8782 1388
4379 9913
5196 4824
6372 8399
4614 844
8784 8775
2054 7658
8611 9287
1786 4543
9368 629
1352 9452
2654 2207
510 7468
8950 6702
5164 1183
3501 5950
4978 7639
9592 7233
7832 7056
4844 8509
9484 9820
4849 4572
9401 7395
960 7
9405 853
3349 7413
760 4697
9863 3104
3721 3532
4011 931
7692 90
7704 1733
5298 1226
2575 2421
9302 8677
122 6309
1706 2424
3899 2376
6700 4023
4548 2876
9414 586
7278 5242
4763 9465
3098 2672
199 8635
9868 91
9089 4940
4445 1095
4773 8041
9826 690
2144 6126
7932 9238
4217 9807
1018 8555
7199 3647
1596 7755
2863 9503
4740 352
7544 3265
5850 336
9667 9086
3646 8701
9318 5936
6530 1272
2959 8458
8807 9491
1995 6477
9557 3647
8779 9619
2601 6720
7526 7855
1140 8155
4521 2981
5446 7925
3087 596
296 8345
4995 4140
9882 6671
9682 7143
4506 4181
5549 6866
5646 7366
3119 1422
4693 6451
3564 5141
5760 5986
9845 3425
9243 35
2333 3270
2187 7936
1971 3429
7699 2054
1750 1705
7905 1731
5434 3788
1182 3122
5549 6818
8469 6376
2788 6556
3249 4116
29 1858
3329 3496
7704 8853
277 8594
4524 6539
2539 4603
448 1578
397 9179
3123 1037
5674 8823
4872 3481
1656 5985
7691 4915
8801 4385
8241 9789
1287 3331
6654 6254
9075 3371
5602 2486
39 1824
6126 5348
404 3814
278 1761
7740 7321
6402 3896
8160 4263
4568 5585
2098 6077
9103 7542
3600 8886
875 9016
7216 248
5913 4714
230 1519
7150 9161
1258 7435
7906 1247
379 3230
5920 7422
2179 3174
9891 1575
9744 1789
3937 6922
7768 2813
3909 950
3458 8037
8973 9993
5436 85
2398 1781
8297 4921
8953 7559
7988 9457
7672 924
794 9792
9839 8638
7737 8636
850 4238
6589 5027
6494 9359
7009 122
9929 8215
2885 1076
9017 2652
4025 8310
422 3391
6285 4266
6160 8720
1315 6221
6273 8101
135 105
5069 9693
2236 4815
4298 8294
3716 3665
7282 2269
4352 7516
2131 4214
2128 3714
6631 655
5457 7585
7136 1325
7433 5080
2661 9779
5869 1874
6295 9973
7352 6681
8257 2338
1157 8791
279 3214
5068 512
7410 4908
3697 8232
4917 2634
2141 2351
976 9885
5738 7117
7137 5747
9177 3507
1912 3509
978 292
5870 2351
2439 6807
9357 6218
2429 7579
2656 8593
8316 9749
7826 523
4171 1571
2580 9726
8643 406
4554 4968
4505 5268
3766 6373
4840 7687
9927 3635
5517 4191
2370 5701
5945 3995
6430 2028
8264 4781
9803 3200
1490 9118
2029 7850
6899 6879
9379 3528
4197 4647
7470 8654
4338 8829
6189 3293
5400 9370
5320 6911
5101 6576
2727 7782
7673 3017
5854 9755
7663 805
8889 4324
7613 5295
8672 8927
3713 3592
2065 9432
962 4654
2740 8354
1093 6352
5311 9443
7439 3480
9203 1135
6756 7211
5133 6338
556 8670
4737 9062
2434 1206
270 2238
4108 9421
7175 6068
8314 6113
6828 9836
6397 6146
6372 9060
9325 2387
3869 4276
7259 5894
5481 9222
4964 4065
6890 6693
8326 6014
442 8693
8034 4948
6880 106
8089 1883
2215 1837
1888 7104
1619 3032
1671 1977
8910 6789
4585 3219
1503 3308
9206 473
5885 7437
4647 6942
3284 7808
9162 266
7511 6615
9639 4509
6163 4094
7880 1518
7822 2870
4943 6593
6138 9715
4061 307
2731 2523
5888 4215
5530 2843
2183 5479
7533 2706
5985 769
2925 4853
8766 1910
5387 3252
116 6048
5298 6880
4745 4295
2576 2056
5245 8247
9884 9843
9964 3041
439 5170
6597 3768
2803 7821
3778 4866
928 4782
8726 6770
5887 9098
8297 1526
8766 8195
743 8446
7750 9573
5588 2026
2869 305
9409 7391
1658 2605
7916 3271
3095 9751
2677 4891
2793 2439
5455 8399
2179 86
7696 662
3625 9581
7244 3852
4123 1011
2142 2891
5331 6027
4171 4900
2057 9009
1416 1506
8156 4704
6608 7316
2690 3151
2318 6379
4403 6794
8024 7832
9783 255
4706 3466
7145 8587
9955 7025
538 9810
2780 8755
6424 695
417 6821
94 2663
8684 2659
1334 9290
7380 8221
7990 9087
5115 3360
1985 5324
5002 3448
6430 398
9681 5392
7638 1905
7632 4818
3550 4416
3682 5478
3893 8382
6747 4971
8318 3540
8408 4036
2032 8640
9135 8252
17 7140
3998 4906
6668 4083
1823 8735
8567 9726
7632 334
9871 2412
6862 2817
5882 1423
9073 9177
6701 3435
7090 4959
8636 3821
4969 8738
1583 5140
7532 9478
9892 1881
7372 5756
5220 287
2072 5563
4966 4793
2029 6688
8276 8073
3582 3847
4980 7371
6785 3678
2335 2046
6056 7633
8646 1296
1911 6441
3528 886
4429 5614
5168 801
9834 7508
1674 276
9893 6343
3585 8499
3851 4803
3555 4867
6418 8519
8874 9986
8150 9595
5648 9890
2651 2568
7909 3552
9068 6503
3618 1118
162 4716
4054 6931
5733 3202
3350 3304
7744 534
2587 611
2228 4860
572 9785
5164 3249
6507 3142
8726 783
3762 7388
3964 5108
9857 1042
9257 4627
1526 1599
7856 5624
726 5814
3089 9740
2119 8607
3741 6293
5361 8563
3053 5350
4043 7761
7938 7641
3816 6908
1467 8168
1148 962
3136 2126
6975 3979
4199 4403
5982 3169
5290 269
478 7303
9908 1079
9039 2386
4649 4489
6481 5619
6181 9304
8113 6272
8238 2584
2978 8202
4496 5117
4107 8627
3659 8492
7541 8838
6641 2319
6748 8778
5118 4763
6347 2340
8429 2865
7354 9563
9485 7608
9643 6906
2452 9227
9447 3428
8791 8523
7972 9504
2994 3632
8446 8248
5470 150
8473 6881
4602 5423
2757 2011
5712 185
4854 4205
8953 1699
5220 849
6021 6872
4976 8320
154 4488
829 7674
3967 656
5311 1551
6166 4075
1729 6878
8625 2451
4652 8749
4503 5299
749 8873
6176 7153
6979 7086
5862 7527
1215 9897
413 3507
6632 7168
6058 1285
7531 7237
198 218
4725 6548
9648 3625
3148 3438
5780 9305
2060 3285
7802 7044
6673 9908
7839 6098
1958 2736
1427 6932
1462 9834
92 5545
6541 4471
5716 6622
4923 167
3835 2676
5355 2344
2065 8466
5818 1812
1045 5016
1773 3939
1879 7335
8398 5461
3046 7886
973 3616
2293 5273
9330 1829
1565 7197
7289 3002
6435 5582
7610 3766
1775 51
6224 8013
3801 7326
1211 5279
3211 4449
2607 5868
7194 84
3320 1345
3822 1683
3406 344
3146 5010
3107 8015
8641 3321
5051 6147
9694 2055
7595 5002
6338 6997
4303 3269
8424 9130
4825 5377
4673 9048
5020 7417
9256 3258
7781 5864
8055 6943
6776 7953
4061 217
395 6321
5708 4919
161 6619
6706 8711
683 6711
8499 559
5563 2617
8936 1277
9023 8500
5121 8926
1169 9487
8195 3723
5426 5416
3973 9988
7800 5992
4917 4882
4235 1153
1751 2212
6251 6533
9973 3055
6605 1254
5925 2631
4377 7169
3766 9006
1649 9163
3840 8405
3130 2969
7480 4695
1007 9814
4092 2117
2722 1343
4106 1181
141 5936
3383 3702
4089 2921
8905 2453
4257 3506
5094 5045
9690 7712
2312 4311
2142 4726
4158 1055
5602 5366
8075 8016
5376 1923
1326 6275
8879 903
1842 2638
5894 4813
5834 5234
3285 3009
9271 2699
2112 9159
575 2689
1189 3894
4986 8689
2919 2383
1833 6602
2596 1182
9878 3990
1186 7601
9350 5632
4603 9876
4835 6575
9392 696
7539 4010
68 8998
5327 5265
3066 8798
7952 1962
9105 2996
6085 3571
6764 2050
383 8128
7773 9042
2256 1052
5337 3462
359 8084
6003 3059
9905 3310
3588 9311
2335 247
6559 2084
9728 5644
5011 3926
4507 1090
5296 6375
8591 3105
3838 4966
5625 3803
2871 6593
8346 7268
1906 6324
1373 6527
6299 3307
2089 7959
1045 9199
8334 7335
3668 7452
6513 1363
3776 8281
8239 6420
8060 550
5573 9693
2251 8926
7887 6964
6835 416
8992 3111
8582 8067
2673 3672
4316 9979
4648 7803
7497 7810
5047 1524
6374 8681
8861 9741
4558 7680
323 8965
7196 4968
7343 1360
9609 3134
2709 2754
8421 9523
9345 7746
1435 5933
9329 1559
6804 3859
2445 7253
597 8821
5553 6758
9670 7108
1294 4617
4268 8747
5555 5391
6851 320
3336 1802
2123 6581
6158 2643
1804 5474
9286 100
608 7293
2114 1167
110 6759
1696 3870
1637 7351
1478 7062
8124 9284
9998 6846
6102 9550
2034 8545
2723 5610
6824 6841
3132 4389
8389 9870
9022 8095
6162 1771
3410 2011
8631 1749
1926 9256
3857 4655
6297 6364
6497 6482
4442 1789
5314 5396
9017 3217
3076 353
3796 3876
6617 837
2679 1593
5216 5686
5293 5859
8629 7617
6911 1652
875 954
1135 5723
5067 5091
6340 1392
8827 6045
9638 8925
7487 5425
4379 9007
2056 9921
8258 5903
164 4820
5916 33
6213 9160
8532 7190
9898 956
9511 7137
2639 178
8261 1036
1259 4879
2363 2177
190 9386
9183 9347
6073 6380
6017 4096
8052 3093
5755 6554
1616 9195
7931 5949
940 1970
7410 7900
9530 4065
8875 7943
7457 5179
3477 4478
7053 5110
896 6414
7694 9915
7644 927
4424 7207
7391 9753
3912 3373
4713 5258
6499 6277
6733 3997
7874 5179
3760 7065
1857 9453
5817 4833
8569 3674
5002 2403
5304 8141
5142 7682
5547 2181
7449 9563
2929 7967
4393 4676
2282 2459
1038 8655
9903 3310
5032 748
616 7771
5541 3101
810 2665
4433 4593
80 5947
5955 77
5677 9554
3907 7115
3671 2336
4857 864
5681 3441
6620 2913
4008 4819
2471 1498
132 9103
5851 8273
7380 8047
8574 2939
433 374
382 7148
6143 6548
8540 2253
1040 665
4210 8066
1940 9529
7072 2272
3686 6365
264 7562
2647 6522
4453 9790
170 2317
3180 2932
309 3307
598 2296
5383 842
2440 7251
5268 3658
7964 1152
4597 9595
6018 5241
184 7248
1874 2752
4931 1862
6175 98
57 7565
8340 8692
9702 7493
1233 2118
2316 3115
4810 3408
3426 7931
7703 6823
6487 4301
1056 9217
7158 539
4068 7665
9541 1043
7612 818
6383 6354
648 2088
1394 9734
3089 7578
7119 1124
948 2339
2490 8752
5557 8868
6036 3718
490 3406
3 9258
6694 4448
4044 4302
2444 7671
9012 2529
2887 8829
5305 4536
4423 8097
5699 2974
8433 8225
7705 7147
9967 6310
8786 9385
7110 4635
8996 5057
5509 3469
9490 7228
385 1448
2053 6149
3806 630
7931 5152
8702 4886
4210 6587
227 8423
76 3065
2175 4017
9980 7814
1648 2756
6854 3281
5748 1498
6078 9607
9056 2171
1549 4887
7867 8063
802 9087
4317 2768
7919 8651
8811 5892
1839 2448
6426 9275
6714 6213
2726 8015
969 4024
8469 1886
6568 7098
8132 9537
8886 499
2164 2636
8933 3554
4514 8885
3315 6124
301 6925
1537 6241
7156 7954
4748 7532
738 5939
1821 473
9615 6844
1598 2911
545 6566
9179 9824
4120 6942
9030 5203
3798 7669
7522 4496
3114 2267
7014 1065
4770 5575
4903 6143
2145 5877
6995 6570
4068 6379
9243 1980
8667 2577
2474 3259
9313 4930
4216 2844
3787 2517
3398 6432
9479 5283
9708 667
9662 807
4581 3897
5365 3516
4836 4992
2640 822
4697 2099
8118 4028
2073 888
1211 1985
4602 6027
8866 3181
1246 6935
3564 4091
2450 2082
5422 1046
4212 4195
1981 5812
7535 8812
4632 5462
2017 3988
7885 3115
2176 8023
2774 4804
9533 2844
9251 4731
3417 1326
2321 6474
8402 3597
5409 2425
9306 3401
6446 8928
4963 7487
7160 1555
8609 3333
892 6393
5888 4185
1848 8945
3237 5574
9455 2478
3004 6330
7068 3163
5619 3417
1115 8486
3338 9731
434 3826
7037 1864
7817 649
4283 1598
1978 7156
4517 7824
4093 6033
5570 1240
9568 3286
3876 6197
9315 5996
5536 4136
1356 832
888 6656
5350 3025
2903 977
765 9600
5817 4559
240 1515
2990 9396
3037 9570
5597 4507
8121 8110
3175 4227
2622 2024
6804 1767
1642 1248
6929 6188
3723 580
2110 266
7827 7918
9795 7085
7071 6279
857 3837
7635 4790
71 1548
6011 5640
2469 4757
5501 5053
6826 6173
7869 5100
8346 5490
1624 9735
3437 5691
4159 6600
6696 9192
946 9578
6712 3358
2667 2619
1844 3847
8741 3954
5749 6404
3050 7806
2714 3516
8516 9375
9816 8853
5668 2235
767 2287
4451 3913
7951 9621
5673 3511
5371 1818
88 6398
540 4673
9687 9089
4522 8017
7192 8764
6699 796
1010 5658
567 7126
1107 535
495 3412
8723 5277
1847 8050
4829 9436
8324 5233
3738 1825
7622 7888
1387 7187
3916 9659
9554 2563
712 8133
9971 849
3307 9864
2155 7607
4358 1586
3596 43
6115 9092
9151 5551
8851 8864
4124 6733
4775 9110
5353 5781
4611 3976
5171 3660
5655 4737
8206 3720
7189 3308
9290 9200
1998 46
1719 3760
54 7617
2725 4188
9786 5593
711 2702
4585 7718
5972 3986
5431 1010
8420 297
8517 4828
6546 716
5249 1594
10 8048
4546 7735
2221 9550
1380 9399
7150 8208
1894 9633
2775 1566
460 139
172 9476
1320 9462
1905 6150
300 7497
4865 357
3741 5643
9874 2428
4324 6081
7036 7908
8667 812
8745 5444
1305 2017
6382 2561
1239 9277
3935 5325
8851 7823
1693 9311
7557 6364
6158 8444
871 2599
9517 7627
8004 8455
1514 4850
6573 5584
5780 1261
5995 7962
828 7639
1853 3251
4416 8160
623 3837
573 5304
4084 1282
4375 1830
2575 3177
229 8461
2703 4399
7714 7046
8351 4168
7389 9757
8167 6906
3733 8632
8493 3423
5142 9784
8439 4316
164 8940
9514 5727
4481 3083
4272 3927
7310 8501
6076 7678
9195 1694
8767 7261
6721 8475
9264 3438
5629 697
7993 771
104 913
5680 3176
7099 7609
1797 817
686 6660
6829 231
3226 7751
4961 9510
8785 8400
6082 1034
2739 4726
3598 4005
4047 9726
9276 8171
5405 6993
4522 6673
3290 5277
1269 6254
8158 8706
8985 4373
8142 7027
600 3564
7781 2712
7581 8025
5027 2042
4890 1096
7443 9240
4041 9559
4489 7524
4749 9177
5761 392
6366 5749
3583 582
1796 6834
5079 7701
2113 1002
5583 3880
7885 2454
8401 9665
4198 5040
5090 9124
3204 6681
8471 544
5390 3798
3632 832
5175 7214
1619 786
5468 6617
7892 5315
2188 987
902 4758
432 7747
3815 6469
7993 9008
4589 6623
5768 2653
2458 3375
8010 5689
780 3865
2714 7367
5198 340
5413 1540
7046 6645
4916 2222
9146 4651
4949 5546
9453 4750
1715 1532
6546 9229
791 4715
8447 8284
6749 2364
6014 8843
5424 1730
9890 3367
8603 2688
8825 5227
2267 9083
1507 4398
881 5813
6950 9049
7452 5183
2375 9744
6954 6397
9800 6478
9758 9837
9976 5984
9142 945
1498 625
9 6919
504 9574
7384 3083
6110 8405
6520 4858
3075 985
5867 6096
9095 2290
7770 5151
4810 6632
9360 7926
5236 7891
8899 3510
5497 467
431 1275
6182 2384
2949 3011
7992 3611
272 8876
1738 3194
2892 6187
9865 9623
7726 69
2149 2270
9967 4294
6762 9119
9769 7489
9307 3456
992 7173
5238 6069
756 962
9170 2322
2908 1772
9597 636
8722 333
3943 2891
4265 6025
822 2529
8955 1188
1000 942
1526 5049
9122 2427
4585 9108
4775 5664
4256 651
44 3680
5025 982
8758 2880
9363 7514
1778 2225
2101 2087
7202 2173
3890 2593
5080 4293
41 9300
7491 2304
6043 1697
6201 8579
2624 5154
1893 4981
2465 7923
2269 4322
7515 4238
9391 2758
2888 6546
4513 4053
2396 8992
759 8286
959 5771
9043 8061
8489 2695
1788 380
8911 9101
1757 7082
2691 894
1441 9720
1528 7328
8076 6805
3568 8424
3474 1123
6762 1421
1804 9247
1999 7676
2301 2265
2767 4682
22 2439
8642 6471
6797 7000
5071 5816
7166 3467
840 3769
9323 8383
6261 520
7840 4056
7614 6687
3581 192
6962 7611
5924 2809
1637 1723
7716 4481
6399 6375
3217 1234
266 3915
1265 5137
8722 5527
5836 1849
8813 9020
7969 2098
4225 5533
1155 3614
1927 3692
8212 2729
9655 6504
1196 9821
3666 2164
9699 2313
4035 9442
8880 9220
7479 5433
9400 449
655 9447
3407 2886
6953 7006
9545 5525
6916 3848
5596 1155
7177 5005
5965 3125
8530 1169
7213 3632
9709 9376
2063 1095
3038 6495
3872 8362
3891 7871
7195 6769
2036 4134
4575 8267
2436 3652
8388 2976
3427 4420
9507 6185
795 9742
2105 3832
7121 9651
3391 1210
9534 8890
1475 8846
6422 9685
2154 184
4702 4437
8913 6651
4440 3317
7285 6520
4660 4840
4638 7020
1974 6041
9556 1052
5503 7102
4229 8908
6750 8258
3227 76
8650 5242
4745 4207
3994 7200
7546 2109
5663 4251
5004 7884
3746 4958
5638 5347
9100 287
8668 7469
4932 1966
8364 9566
646 9692
8765 2254
1236 3589
6417 9361
3903 7877
3991 4352
1681 5823
3710 9218
1701 9182
4148 7876
3099 3541
8233 6206
9902 308
4274 8625
6728 4636
9541 5562
2133 755
321 1278
7110 3005
396 6976
5759 9924
8570 1929
2831 4583
4425 7145
7216 6802
6658 4755
2487 1177
3861 2231
8251 1008
2118 9972
3926 7896
8256 3772
654 6389
97 5473
3517 8038
2099 9733
8690 2392
768 7426
4624 2658
2309 6730
4770 2489
5216 4388
8951 6655
8365 3092
5524 1683
7213 7978
6111 7305
534 5045
4833 9305
5674 8380
4904 4165
7679 9785
7444 6577
7945 677
5993 2195
4398 5967
142 3361
7353 9770
8712 7269
6900 3992
7286 3395
1412 5790
6867 9607
5860 7764
8288 2965
3330 1540
608 30
2134 6528
8068 1364
8586 2724
1698 7652
7955 9679
688 5956
5306 1092
713 16
18 2409
5783 233
7292 6500
2727 6564
2675 9618
9337 8865
5378 6524
2247 6765
8948 4225
4473 2591
6238 5856
7596 1027
4720 3958
9610 1437
8717 491
9962 7045
108 9546
982 9473
8835 4453
9265 5714
1553 9556
9378 79
4191 4767
3207 2674
9753 5766
2047 8268
7969 6921
2282 6585
4318 5621
196 2667
9838 7290
7164 42
5251 7520
5825 4996
8129 1644
9914 4196
2557 2942
3920 9593
568 1284
7841 3182
5104 7410
1102 1095
762 5339
5286 2101
1513 2641
6978 1937
24 6654
9153 9891
2528 5582
6734 1152
4677 6038
2585 1845
4232 9672
7986 5342
7220 9163
4292 6544
38 5498
265 8484
5566 9469
2538 7051
2707 1374
1541 7857
2286 7742
8287 3732
6616 1956
3266 8548
2961 4812
2364 9965
4352 2523
5347 8599
6877 355
2565 5879
1156 919
7545 7174
4482 8020
1035 1429
7122 1216
8085 470
6550 8191
9394 2785
8742 2157
5056 9503
830 97
9427 1000
489 111
1557 2610
8072 1260
1036 921
4913 5035
8913 4444
1472 3283
6107 4623
7934 5872
291 5342
856 2786
2876 3199
219 1188
386 9301
9255 4873
9015 3376
5900 4040
5865 2563
8400 6662
3697 9498
8422 8905
3157 1230
1889 1859
3878 4628
4367 8119
1663 252
2938 9887
6355 5013
8545 4856
446 8939
4685 3393
8358 9803
3944 8954
420 9548
3816 4413
8459 4541
6 4727
8976 3825
1489 3927
6704 5791
5147 5806
8502 9766
8690 761
6157 2534
5082 779
3588 1336
1940 3013
519 365
1462 4084
3029 3400
2844 2764
1454 3245
2852 3559
3556 6176
7392 3080
7895 2588
6056 9261
5735 8904
5959 7815
426 6651
4859 674
8183 4582
2497 6137
2510 4117
7229 1172
4492 9257
135 1704
1828 7561
5464 7654
6601 173
7478 9053
9941 1084
4864 7328
4870 5192
6553 4248
9722 5140
2890 3640
2397 7472
3197 5933
1673 5759
8102 669
9940 1855
8820 1555
167 3698
451 7329
1367 9032
6897 316
4051 5692
1104 1680
2048 9928
8541 3061
2542 6703
6336 2036
5725 2326
3209 6973
9412 7955
7415 317
9675 8070
9250 2167
7349 409
3338 6271
4266 8531
9148 4020
4998 5743
1889 8462
948 6766
895 5291
734 1277
8699 4966
7821 6964
4892 5942
4962 6550
7131 9256
4832 4861
3763 5321
1995 1685
4240 1013
2830 8430
6351 6979
9591 4290
7196 7465
1791 939
4130 7534
8034 8213
460 3734
9197 115
3640 6301
2123 5598
3171 5485
2883 5535
8549 7673
8744 8563
3827 3189
410 7277
3863 392
4016 8704
8189 2297
4328 6476
8780 8165
1621 7361
7436 2377
3018 5914
9454 8033
4365 5429
1886 6320
1251 4701
4106 4073
3522 7441
4476 8086
8576 9663
941 6912
6705 1610
4109 7866
475 8044
5631 208
2720 1224
9344 2194
4340 8366
6097 969
9935 6514
2331 9300
2533 3115
570 124
6873 3434
548 5695
488 3389
7756 3147
6849 5025
7577 1345
3100 7562
72 1413
5023 1522
3534 5875
9305 8170
6410 2835
923 8458
8280 4795
9626 2115
1789 5585
2514 4834
2915 8790
3183 9957
4305 3314
1887 2099
1304 6623
9185 5728
2482 4269
7141 3284
194 4902
2110 1543
2096 3390
3513 6117
191 8254
5024 4431
7610 9953
2130 7599
8940 3236
6026 8927
2666 454
4278 8418
8629 9547
2907 3687
3394 3670
147 5123
1708 6751
4554 7475
7063 1304
9874 5794
810 4287
5227 6090
2750 317
364 8968
3112 178
4857 2246
5156 1302
882 3468
5850 1336
6012 1505
3032 6640
6572 7284
7402 1546
8930 3429
6562 4047
8694 7804
7032 8281
5564 7750
9640 8132
1085 4956
5296 836
6315 9247
9275 7533
5694 2761
8812 7255
1714 3157
1343 1160
3185 9303
787 5317
7659 875
3209 105
2909 394
4123 6918
7897 2619
4693 703
8739 1261
1318 2827
687 2786
12 3838
3741 437
4580 401
3697 5203
6518 3353
1917 2626
2500 4188
6019 6970
8249 751
2714 8822
9723 1915
7560 8216
4875 6648
5843 1774
4384 1400
7319 560
7040 4792
4432 1411
3011 4582
8176 1113
2308 2236
8690 9069
513 6740
2175 655
7247 9470
8749 8079
4082 7170
6660 503
2122 1866
2233 1386
2072 6018
7954 3807
9353 5665
3156 2575
1367 6230
6330 6947
3267 5992
1512 8456
4886 6471
6352 4787
117 8816
8203 8795
7796 5018
8021 4321
6548 2096
1217 320
4280 2146
26 9652
8665 1365
1172 9682
2493 2364
1804 6541
2670 766
3549 2948
858 5806
1310 7425
2945 2294
2513 1479
2976 5465
5869 5368
1245 5448
4088 524
6253 4775
5453 9033
6643 7344
8497 8754
7383 5125
254 6822
7586 4823
952 5688
5413 8355
4837 7277
3155 5099
1092 4437
3416 3739
3011 9636
3361 1224
5775 8629
7948 8480
2645 1736
4394 7140
456 6063
3172 4165
7842 2695
4072 9004
1466 417
7733 6926
2995 1792
5126 3726
8153 6167
8853 8528
9204 479
4739 6829
4421 349
9229 8502
3834 9676
4212 4103
5395 4586
3930 3936
348 9976
5327 6441
6488 2900
1432 5131
7938 1176
1611 7506
4990 1922
1100 411
2550 7666
5180 4068
5916 1737
9794 1005
8809 6193
7893 9776
4329 5103
8855 1861
8234 4195
1429 1284
7316 8662
4163 4919
9538 3688
1132 1511
9815 5068
8169 9211
7135 9549
8937 4938
2446 8737
3768 1545
2797 2859
9927 3875
7978 8657
1973 7023
6351 7757
3675 7140
7354 4571
3409 2610
1526 4014
2821 6059
9134 3611
5438 4514
8923 4766
2349 2302
3352 6853
4969 4358
6728 3097
118 8804
8903 8467
1238 5672
8501 6074
3800 1563
5041 2395
3017 8471
8390 3258
4587 3241
7924 7604
1067 2918
114 2302
2521 8475
9481 363
482 695
8069 9211
7240 1185
5578 6344
1328 2844
1406 4482
1338 7149
9457 6223
6263 2082
1041 5381
5854 7653
963 1198
5170 1469
6427 764
6049 4153
3312 8104
8849 4137
6449 4469
4269 8254
9917 4434
9592 8536
1214 2075
1982 689
6398 9862
4104 1914
2856 1094
1212 5468
121 1825
2132 2556
5819 3203
4762 7300
9166 8244
6104 1600
5740 4708
9156 9259
5664 6104
4926 4046
990 2172
8242 6551
7983 4349
4306 2288
4741 2581
3260 1665
4943 4509
9156 3891
9361 3490
8587 9458
9008 2244
1812 5706
6770 6276
4020 5127
4458 6206
7350 1088
5633 6773
5863 5581
8313 9274
6717 5247
7243 1431
8952 8086
3628 6484
1686 1867
25 2166
262 5392
4078 805
7073 8656
4426 823
6515 640
9486 4013
3044 7459
6130 5732
9607 2368
867 8080
8638 4200
7720 9944
9259 7844
949 6367
7180 1171
6886 8227
1915 8161
5470 4331
1668 9507
5242 3152
6992 9561
2136 5591
6269 7302
8000 8955
2216 631
1577 8912
8524 5471
2345 5723
5317 3162
8173 7547
4238 2033
7639 141
5134 4636
6573 9474
2397 4753
4621 6432
3214 1667
9682 7935
1474 5726
3819 1554
6957 8719
5273 2940
5447 9518
8450 93
5973 7414
3637 974
5510 3735
7644 1507
7993 9309
5904 6016
2367 286
5748 8918
986 3781
6941 531
2144 516
9542 8716
3046 8981
5130 8148
8527 9584
3102 4525
1701 3677
5647 9045
6174 1581
3542 6333
5190 7070
6126 7217
4276 8767
5092 1717
3234 1236
9951 6102
826 2360
9454 2090
1482 2522
9707 8934
2006 9060
5073 7288
8942 2466
7057 7887
4202 1841
7987 3219
9846 3673
9595 2092
6196 9370
6454 1086
5990 2531
8748 71
7295 368
5609 5905
6909 2190
6443 8465
6165 8244
1136 663
8254 4587
5379 5011
7033 1871
1025 719
2992 4358
2996 1227
4167 1437
1155 7997
6946 9743
8916 5435
7564 122
6349 9523
6836 6495
5606 6859
7833 7742
2892 692
4576 2863
2303 6576
1317 1789
1725 6784
3454 8598
6222 2408
2763 7602
2048 7861
5537 1951
1456 1511
9715 5164
7236 7818
7328 3111
4144 4516
2027 1518
7912 4544
6675 2767
5072 2661
1454 5114
7147 4830
5974 2181
6083 5688
3036 1578
3332 5084
8314 9570
5139 7873
8973 1441
6409 5001
2832 7229
3382 6535
2147 3645
4039 4066
1669 5412
6678 5260
9834 9353
7634 1126
5226 713
3684 8273
4235 5281
6282 1317
2357 9930
7334 3462
9584 2348
9883 9300
7859 2878
1027 8973
6936 4290
8230 3148
3762 3643
8116 5301
5479 3067
3208 787
3968 2552
6625 9504
3909 8145
2613 7872
7039 1959
5211 1446
2000 6384
3148 7542
5600 9886
5156 4450
7203 2960
7025 6220
487 9416
5019 7831
5787 2585
9167 8724
4752 2318
9829 1807
5550 342
6065 439
3939 6171
9374 9389
7302 9773
2210 9665
5113 7271
8418 5068
263 304
7264 7843
9118 3725
8647 4061
1219 9373
3845 4312
3431 8014
1770 1244
8446 5160
597 7473
9764 6491
6474 305
7400 7916
6702 295
8927 5765
7862 4159
9991 4592
7367 7590
4534 6967
1562 8880
1137 9303
6275 9296
3921 6317
5240 3028
5547 8975
1015 3613
9073 2463
6260 2948
6359 9951
3539 7072
897 5347
8296 4898
3443 1419
9267 965
8956 8253
1318 1858
8087 701
7976 6526
3415 1831
4237 2646
9308 8664
7525 3090
5035 4607
7385 5704
3179 376
9787 188
5058 9390
7596 993
7804 4376
7664 1624
5882 9914
1992 7181
6629 695
8636 5639
3236 5844
710 9122
8240 5343
9018 6927
913 4808
9397 6842
7514 3265
7460 9339
1071 1495
8414 3588
4456 1274
595 4000
4952 9378
9415 4041
9327 7473
7473 2434
5625 848
9598 1769
2290 4641
1012 3796
6539 9102
7552 9671
6951 7849
1420 4214
790 6736
8134 5690
5758 6490
6679 7212
2260 4494
8931 9723
4364 2
1316 8387
6446 7801
1573 8380
3478 5213
7991 4738
5190 7855
902 2741
5878 1806
8725 1273
5269 8324
8402 4838
2418 2208
2946 9985
7055 1852
5554 7465
9866 6716
3783 2111
8831 8036
457 253
4690 4881
5935 5625
5665 6106
6827 9393
9686 8855
2975 744
592 5038
9547 7244
2826 9895
4834 4877
6202 4778
5634 5303
6240 9256
9637 6334
3782 543
4366 1190
7723 4187
7410 7347
1834 678
7788 4995
4862 1074
6479 5266
8153 3622
8290 2241
4888 4898
8224 5432
7224 2023
7961 6689
4810 4823
9602 1820
1426 1966
9580 9540
8145 2018
6257 8349
1383 905
6998 1885
610 6787
3142 8282
1032 30
429 3728
6708 7463
3759 2636
3440 4442
1766 8001
2701 7192
6915 2265
9144 7227
9104 6282
802 727
8178 5137
624 240
3470 1640
1948 9330
1582 2904
3749 2035
4300 9722
6049 4583
5798 1425
5086 6513
6274 89
9127 4382
8449 198
2258 6843
1231 1449
6927 174
7430 6375
2208 6902
9605 8901
4122 4960
3674 4475
5975 588
1151 9084
4487 698
9595 6828
3558 8045
3346 6433
9592 5213
4792 9372
6925 7131
1173 6744
8178 4630
747 4343
3903 7695
1961 629
4101 6572
3872 1305
9478 5558
2668 9115
4550 9633
2097 5938
4973 9334
3567 7466
9203 1357
2025 3055
9551 5860
2164 4765
3230 8895
9849 2186
7362 9328
5193 938
7882 5554
8307 4146
3109 6239
6115 9143
7676 6469
2073 8786
8448 8080
6069 1657
1579 6393
8857 8286
8166 4532
2051 4237
4837 5711
5147 3183
976 7280
2170 3737
8761 8427
5182 4351
8440 1968
3713 7975
6491 6179
7534 8727
1550 3375
3489 5483
7165 142
5243 8299
5186 1260
9465 8586
7830 6165
5033 6560
8786 1854
6004 4260
1743 9066
2120 1151
5517 3253
7884 1225
4574 334
7753 7423
2605 6325
8700 836
3886 3708
203 6621
4018 6882
7853 7598
1921 7446
5719 7809
2923 3966
338 3365
9227 6705
1142 3630
7860 4201
1615 3655
956 8960
7438 7314
4508 4687
6255 7964
8415 1447
3715 6901
5440 8425
941 9034
5803 3216
5642 8007
7747 4396
8621 8270
276 5361
6839 8403
443 9024
4044 8445
172 702
5695 3510
3386 3280
5225 286
4920 2893
4258 9576
6178 3525
5070 8310
7276 4674
1499 2424
4972 2268
4469 1114
5532 4662
4130 6347
6012 4293
6525 5111
408 6810
4081 6329
1680 1877
9050 5834
3552 4661
9063 5037
8467 6639
2624 1294
8553 2868
4069 2759
7667 8716
845 9790
8962 8478
7421 6277
5645 1917
1994 5515
1139 3472
1508 2152
5905 3282
934 1976
294 23
7458 5378
7927 7787
9275 6812
1729 1117
7779 7751
3943 112
6022 1760
6359 593
940 3712
3729 6906
7879 6010
7482 7660
8272 7787
5691 8513
9549 1170
6567 1865
3584 6595
1124 737
9880 4643
1130 2219
4027 1732
1957 887
221 5006
2507 2100
7001 6954
5727 9964
3746 5373
8929 3561
3746 2037
2004 7959
1849 9312
3629 6958
3654 6221
3015 3451
5442 7100
1388 2616
8393 180
4785 4074
3048 8205
5199 3286
6657 9261
2987 3511
9081 1871
8329 6467
3141 7642
9771 1911
8512 9612
201 8827
9041 26
7164 8209
2408 176
6499 8520
1802 8966
1250 5798
9700 9339
6035 4724
8526 8104
6913 4935
9230 1638
8325 468
5531 5227
2805 1089
3653 911
732 7411
2422 2389
1744 7369
7191 5930
9844 3083
130 2503
4943 4551
6599 4266
2665 5061
9670 458
1078 7337
7109 4999
1314 6736
774 6188
994 8363
4717 3786
5014 1586
7690 6442
2872 5887
1065 5866
8920 9082
7484 2031
2964 2678
7193 9165
5274 3353
9978 9264
4827 8197
8456 3208
8425 998
2237 5439
6154 9601
1549 455
6505 3921
3402 7379
2083 3139
9346 2411
9765 9948
2762 8501
5743 7508
4297 204
9474 2896
1957 7270
1973 7693
1668 6292
9517 6911
756 7773
2684 4569
5592 4842
9374 7740
8130 2262
9164 632
4701 3355
6092 4797
5598 8218
6578 3318
9172 5259
30 9026
2242 4599
3047 3245
1093 3094
8824 4642
322 1676
6822 5867
2212 2125
2066 1168
725 4951
1639 3968
102 930
2690 1853
7664 6801
3928 1534
720 6460
4618 3792
640 9920
9194 2522
934 5250
2864 6155
6013 5036
6864 653
3963 6093
4138 606
1605 4595
2282 9497
1996 9772
532 3813
1406 6250
8108 4253
6850 3153
165 8194
682 4313
5437 3576
8201 6394
9006 3992
8082 4359
6756 4404
8159 587
4960 1560
2641 8022
1945 4221
4343 7487
7936 7195
9809 1726
8324 7427
3693 1689
8455 5405
3501 7730
7075 4234
3725 6663
2653 962
7095 8643
5603 3186
4109 7271
4309 3284
3550 9984
4976 8312
3986 6373
2684 4118
4161 4126
811 1547
8283 2378
8835 1075
1063 4005
5098 2528
62 3123
4771 6228
3905 3519
6794 8695
2130 2620
369 4031
3565 9331
1537 8626
6376 7566
4691 887
229 6358
4702 6578
7257 4944
3294 5981
3353 6064
2629 6806
6217 7013
215 4373
8137 4811
5050 1867
7455 5497
7708 2795
356 5410
4979 377
6906 1843
9832 1014
4699 6618
8220 600
3189 5801
6525 6056
4625 9721
1117 204
3946 1297
4266 4687
5502 8978
1468 4732
8949 4804
4569 9320
3162 932
7718 6777
1046 9653
8770 5519
1754 1237
5644 2452
4710 2670
6534 800
1928 4650
459 9570
45 1181
8673 3579
9316 8040
4415 2325
3805 4965
5242 2319
6111 139
6701 9959
6238 3446
9334 1249
6914 5221
6417 4346
4015 8087
73 5620
6369 1073
2001 7812
852 8524
3608 6823
962 6265
6744 2159
2790 7521
3681 3848
1507 8541
8677 8210
6092 1082
1369 5833
93 8683
9469 9064
57 4446
582 6095
4212 5173
2803 4934
1409 2101
7877 1090
6888 494
9945 7650
9178 722
902 8470
3680 4163
3825 8263
9642 7289
7509 840
4220 1869
483 7070
4257 8681
7917 6776
9876 8514
8577 7300
145 4002
7332 2430
5917 3527
6439 9600
5394 4528
7940 2463
6170 7366
7744 652
8922 1338
5469 1651
5907 4906
4451 2015
2250 1846
763 1023
1609 7498
4060 8497
9981 2543
1737 4234
1193 3036
1152 6624
7065 5713
2882 7393
8648 5949
2252 8347
3336 567
1484 4839
9567 172
5511 2670
2250 6225
2408 6882
1470 4426
2562 1009
863 7993
7267 8183
1611 7499
4913 8818
4907 6365
9740 5669
9234 3988
8553 7158
4126 9014
7263 3923
4648 3302
4617 5385
8531 7982
6781 9361
4164 5651
5713 3531
3715 8247
4885 4320
509 6337
5796 4775
1421 9579
2077 5484
1419 641
9913 1283
951 5832
8884 1794
309 3068
1241 1937
4236 9629
2435 8024
4307 4057
8687 5054
2984 7201
1779 4910
1641 1408
8118 4363
3900 5929
9869 8589
907 8628
1141 3955
6346 7545
2677 2576
300 3255
6852 9190
9208 468
2911 8969
6806 5074
9371 5466
6649 7373
359 929
9864 2668
9580 9174
1083 4461
8851 5970
1325 1332
2503 5096
7020 5113
8176 3991
6887 3627
9003 9890
1296 1368
68 3115
8669 2275
3987 8702
905 9562
7505 6641
9173 7552
6944 9846
6047 7983
3225 4608
8224 3444
7219 635
7582 4864
5728 7462
966 5589
8428 5991
2153 6304
4381 1159
8830 7435
874 8299
683 6557
688 9905
4538 5278
856 9950
7417 3754
9780 34
1173 5078
6028 3387
7928 1920
6984 5343
7728 1381
2160 9377
7383 214
4609 8336
4270 6433
3182 2304
2086 8303
9915 1461
7951 2875
7691 7891
1293 7362
8390 5983
4257 9917
8373 2519
3847 6466
7901 133
9812 9140
1913 946
4414 1433
1085 4470
2570 2214
8243 4843
2578 2000
8766 9841
5384 7550
4244 8251
6405 1662
893 5915
4050 3473
8697 7854
2563 2545
7179 3339
5208 77
3049 4489
8995 1378
5786 5310
1319 7762
7214 1340
5284 85
3035 8419
9427 5882
5605 7431
6205 5681
6371 1293
6825 6382
2732 4249
3071 2804
6353 1548
9781 1280
6861 8107
9911 7578
5580 4454
4751 484
2810 1349
453 3862
3573 9342
3273 1827
9783 8166
5456 2394
7636 4798
7496 9755
9907 1250
4428 6755
9752 1736
3176 8997
2406 8597
9336 2232
1633 266
2759 9137
3661 156
824 4463
7325 6305
4458 7804
3559 9231
8200 736
7511 4437
9283 4623
408 1404
5889 9348
1766 109
3664 2244
9806 8352
4184 6579
8604 679
5624 7384
4678 4879
605 8583
5931 7200
8991 1070
7322 8122
9913 3331
6928 6558
8936 2603
283 1141
3982 9382
2891 8559
8952 1589
1052 8860
7650 4137
2983 9471
5790 6524
3856 3300
9835 1688
6808 7786
4869 5056
7412 1824
5855 6189
2469 1856
1979 4549
4045 3935
8033 2526
7846 2187
5355 3578
778 2884
7399 4108
915 2733
2213 9161
1371 6674
6062 4976
1982 2544
8229 2582
1860 8619
5950 5560
1017 6139
1685 3213
2122 115
1932 7401
8359 1221
7795 161
4960 2808
3888 4943
587 5346
223 2962
9085 877
808 547
1913 2905
898 1290
8857 1248
4955 900
5505 4854
7089 6040
7799 8275
8634 8571
2931 517
7201 9031
7386 2414
2164 4641
2672 4868
1993 5188
8982 5467
9926 231
9063 6537
5525 6335
1112 471
1017 6071
739 7271
5246 1162
3853 9579
759 3670
8730 2635
4492 3957
3484 2520
8375 6378
7794 8270
9178 2092
3607 275
6278 7471
7851 2546
3368 2912
1496 3038
3175 410
6558 2282
8849 4704
2760 2896
9053 4818
2769 433
3789 5944
7364 3343
167 3379
1608 9052
2045 5267
3690 1799
5944 9783
759 7520
7853 820
5451 266
4631 5800
5961 7867
2337 693
1245 6612
4155 209
8675 9873
1565 2158
6991 9592
415 6959
7028 5030
7831 1897
2104 195
9560 8693
651 5641
7386 6242
9666 2172
6219 8026
1333 4153
3453 5801
3855 6835
3996 5321
9374 9425
1608 222
6146 2204
9968 5083
3574 8381
2113 759
2767 8412
6129 2848
7840 5017
6627 7320
670 7728
5685 150
3550 8250
9332 3478
8771 1846
1902 9002
8370 9746
5924 1609
3063 3489
9829 2017
3963 8299
730 8750
5148 4039
7777 7124
6290 4143
4614 8697
8574 3136
4912 6621
6639 1348
9428 8888
7208 2657
6015 3117
5725 5398
9040 5581
6726 5750
3681 9215
2510 6771
4277 4739
4403 3174
5418 5340
5219 2699
2763 3036
7599 4162
3328 229
1608 1330
5707 7656
8724 9974
9375 8807
7646 3413
541 8429
9310 7534
8705 8833
5248 5499
7621 9590
8639 4863
9656 765
3760 1292
9802 2827
3120 3682
975 3127
290 2445
4708 5734
5117 7206
5422 4805
8818 7875
3863 8482
2038 7040
6245 6986
109 6627
1140 9710
4116 5579
5697 5670
8348 705
1228 2996
9462 7801
2806 2665
5862 3677
835 9280
4286 216
1949 2393
5771 803
4209 9993
5928 7961
7653 6775
200 8990
4090 7476
4483 9761
4091 1952
3802 7816
2355 5167
6324 6583
5637 566
2140 9300
7807 9292
3498 1131
8306 1390
2834 5417
2853 5960
5108 802
8760 2283
6908 66
3335 1908
5181 7756
2089 6999
3742 6974
7600 3663
4946 3205
155 2589
5370 6480
9011 9436
7411 4022
3707 2355
1437 890
5000 1679
5112 5705
3771 2211
7759 9430
7767 8481
635 3975
2658 8202
5376 3242
8030 4180
437 1448
7540 6826
255 5542
1045 8259
7383 6856
7441 8817
2775 7453
3800 9340
2424 94
5892 29
835 5807
1653 4297
1583 9216
521 2257
4197 8741
4585 8447
3595 3700
1500 5443
4539 8565
6051 5357
377 9863
2381 7870
2480 5326
6819 5653
6160 293
80 8426
1210 9298
4403 6708
7017 1890
6360 1693
6466 2965
8452 3414
6232 347
3374 6910
3486 2429
8003 7192
137 5323
2757 506
9329 9964
9890 5134
5715 1926
375 3003
5372 8335
7579 7898
6865 3456
3580 8178
2530 3057
3500 5684
4154 5295
9614 3164
1194 1553
9291 8954
3068 8878
8463 7592
6842 4472
6868 7072
4347 2891
2756 9607
1751 6362
6116 627
4278 6066
7493 6121
8909 3946
6919 9654
2162 4788
7350 9989
7082 2223
4546 9365
2716 1257
6875 1111
6630 8380
1218 9204
7766 4467
7855 2729
4942 8451
5795 9922
529 4452
5462 7969
4486 7841
5681 5428
2889 3197
7971 366
6512 4624
1464 9111
8485 9408
1292 2917
1299 2955
288 3757
429 9377
8058 2856
91 7874
1047 3300
5180 7109
5824 530
4990 7192
8740 2091
2342 1692
2968 2714
3106 8002
4696 2460
1863 6404
5706 2385
4791 7648
9722 2280
674 206
5247 1508
2366 1927
9119 919
8670 7588
971 5386
498 280
6966 7346
1883 3568
2271 5603
4264 5893
3867 7810
1630 3372
6548 7944
3030 697
2642 6207
1167 171
2886 8442
9961 5136
8016 7093
8092 1088
3235 4653
6638 7828
4076 2037
6959 744
4033 5345
3201 2837
4187 7732
518 3479
2200 4876
7613 2972
8759 9711
7333 388
7035 7699
4177 7011
2352 9840
1119 2074
5797 8323
7737 7507
5191 847
5809 6659
711 5845
5149 8927
744 8352
8867 2843
2676 3612
3487 9054
9831 8237
8874 9346
727 1362
4288 7088
2655 242
1595 8618
1139 2427
281 6456
4409 1683
4323 9505
5209 9825
9234 6588
8543 7249
3018 1195
3993 3447
8520 6363
5701 6949
9146 7512
2030 554
3394 1939
2177 3785
8663 4612
7991 5770
4419 2849
1883 8808
3836 4600
2018 2873
5493 7800
1308 835
3572 8157
1613 8499
6099 7554
5627 8485
8199 7203
4133 5663
8841 7828
4684 2043
7647 3241
3107 6389
3035 526
917 6604
4775 6400
9337 6800
6956 8117
6201 1403
8294 3639
980 1609
5095 8968
6132 157
5601 7743
5752 7833
6951 8443
9070 7357
4613 6473
1412 642
298 5895
8759 3084
2776 9465
6425 3850
8616 4325
3304 8490
9242 8349
2436 1836
7428 9432
7592 1678
9071 5100
4250 9372
6739 2719
8738 9894
4816 2833
801 3593
9509 2778
4395 8576
5153 6253
8486 7736
1511 4400
6724 1193
3422 9113
2313 4495
4374 2501
5146 4276
4956 1311
1142 4079
4008 2455
2657 2369
3360 5959
700 6633
4060 6095
4806 1141
5744 1301
3327 2021
7989 81
4739 5305
4443 9905
7785 5528
1554 5210
3443 8557
5681 5222
9582 2427
9838 8704
7578 9000
9974 7412
8406 4198
6802 8225
6317 7946
5081 2442
3926 7551
3101 987
9246 8147
308 7958
806 9762
2660 7949
967 7981
346 1504
5835 7567
6039 4594
9183 5328
509 5316
138 1753
2823 7447
4153 343
5419 7977
5294 637
7648 9507
9451 3830
9535 2233
990 8416
124 7233
9409 7865
4884 6961
633 3011
554 5440
8944 6522
6202 8473
1232 5501
1334 6232
3620 5890
7049 2356
1002 4897
3648 381
5853 3471
6386 7331
4437 393
4029 9213
6713 3974
5947 8446
2277 1060
3760 5346
7278 9642
6491 9822
551 5906
7056 1281
1614 6339
8408 1247
1514 4108
2167 9797
1707 8406
8084 6710
1365 7763
496 245
9896 8192
1510 319
6805 1066
407 340
5078 245
6439 5441
8765 2738
6815 3173
695 1968
5704 1367
3023 7259
3998 9661
1053 3617
7963 3115
7067 3957
4577 237
5197 7111
2076 5009
8573 6691
1428 440
4199 735
2190 5616
9949 6065
4404 9064
2721 558
7205 1741
9965 7104
9282 7034
918 3919
9114 851
8759 2323
9132 4809
2896 258
577 1609
6592 9812
9924 1490
7676 6552
1697 7338
8146 6287
9266 6712
1406 9112
2894 5475
6550 6983
6472 179
3771 4449
166 7132
20 6911
6272 821
8878 3743
5322 2521
712 2614
1253 5606
8589 9362
609 7151
2338 6866
7525 9981
1463 429
3676 7312
4350 5569
9278 2905
6434 1591
1674 7304
1620 4093
6926 9984
9185 5336
1096 7910
8427 6018
4012 814
1492 3824
8177 7076
8661 4240
1670 7323
2114 1263
9479 6497
7438 6492
3761 1951
8305 6581
9402 6707
1097 7081
8752 339
6007 3942
4982 2448
811 5617
8125 9720
3914 6163
6636 3591
2446 461
1347 2838
5489 6345
1727 1207
2066 5528
2645 5499
6938 3526
5719 3804
7902 8529
5984 6943
8311 7645
8245 5331
7405 6613
2275 2362
2267 3161
6398 1073
3054 3218
8814 4679
2671 1826
455 1416
2857 8103
8931 2944
1684 6231
1183 2829
654 1399
5792 1467
9246 7038
277 3426
4894 1709
6881 2166
6400 2079
8853 9061
8239 8271
777 7092
6259 5550
7578 1185
6683 6686
257 5119
2382 1540
6927 5899
5352 6876
7389 9959
690 1617
7571 2002
3157 5751
2710 4090
8441 9886
1069 2945
3133 1319
1974 9923
9785 7782
9714 775
1759 1439
7757 9729
882 1504
4566 407
3227 2377
9131 7140
3911 4873
1933 2121
8269 259
9254 8327
5941 2192
2012 2118
116 5006
8520 1696
4997 1758
9959 3787
8382 4151
6308 3969
8464 1018
2866 7008
2498 6864
4132 2719
3972 4506
3779 6119
4523 5506
8947 3686
6385 360
7971 8793
5752 6874
6766 792
8644 761
9055 8164
6542 8298
744 1682
7028 5018
6767 2335
8794 3248
3405 2488
6989 6971
2105 2070
5808 7471
7429 1067
2413 9368
134 2749
1465 5291
6246 7161
6700 5556
6834 6938
8350 9881
522 4372
7781 7881
623 9882
9837 9678
8178 5294
1460 9448
1280 7159
1285 7399
668 4228
9810 7960
7240 3745
9185 6137
9256 9878
4614 7910
562 4941
2687 2159
5943 8389
7633 9394
9585 8614
7568 9733
985 5830
9819 843
6781 6395
899 910
8291 3395
571 8369
1502 7774
5782 5268
9149 1080
1676 3074
9840 2447
2779 7227
1628 6924
8177 6100
6065 9707
1306 7548
3254 9400
4791 9077
6062 2632
5942 6227
7494 2886
6299 7184
387 390
1369 8405
7690 1118
3209 2450
8733 6885
2251 3308
8356 1844
7888 234
5645 363
7252 241
709 2709
74 4590
8283 7629
7558 656
2065 5885
3750 5138
254 4798
5968 383
2992 166
8395 4761
6244 9236
8350 8566
2338 6795
3407 233
822 5162
4144 6630
3097 3291
5001 4243
1371 2000
4276 4926
6060 375
5021 6215
3191 7423
6881 5744
975 6793
2999 8127
8328 2095
3311 6837
8690 7329
8858 5253
3811 2494
1643 7911
7336 210
7868 2841
2298 8242
3799 3
9413 7743
2825 462
7450 853
3397 8441
8206 6936
450 4271
9215 4185
7340 1513
5602 9260
5497 9888
7799 4443
47 2437
6385 6314
6325 9790
9944 1063
4140 9196
6046 4655
9719 5909
6609 4794
3656 5773
9410 2493
6172 7004
7014 3631
7955 4013
3503 353
6155 897
5719 8626
3093 5063
8222 1414
3403 9767
9706 3809
9281 2644
7432 5900
5574 5131
3558 2325
4135 7237
9321 6511
7275 2589
1081 5764
7780 5761
4214 2386
9047 2789
5682 1335
5228 8220
8692 9964
9289 7472
3961 4859
6399 9356
9793 1154
6772 2081
6694 2685
8319 5189
6102 6457
519 7603
3672 3129
6198 2516
5285 137
8659 5207
9630 4632
2573 7442
7170 7807
2456 7154
7304 9502
7012 4927
9395 9151
2167 721
7899 9022
9525 9395
6950 3570
5396 1359
6675 7495
9462 5529
7111 8580
9190 8548
3440 1930
2477 2061
1487 8743
2932 6013
5087 9853
6407 7761
7226 243
2705 14
7202 7669
9059 1443
3746 9132
9960 3379
2375 7026
8790 5267
8022 4189
6505 520
8557 5818
8182 2322
4595 1810
5032 5958
5427 3132
9950 3727
6966 4939
8683 1023
4525 994
4205 7058
5323 6713
1646 8834
2484 1323
2404 9224
7728 1276
9500 3809
5561 8147
5486 6371
7178 6302
9958 4850
4191 5910
5814 3166
6362 5840
5614 3924
7763 9198
3688 3168
9149 7728
6976 419
7872 5226
6762 9739
4471 1587
3635 9852
1385 3719
9012 2324
3547 3270
4511 6284
2666 1782
6687 93
4956 1545
1200 1924
2005 8111
1836 1868
3947 6485
3194 5421
224 3158
3359 3551
9299 7628
9649 8892
6614 3897
7018 9099
1969 8538
6680 1530
4173 7710
3609 2274
8932 5538
2940 247
8970 8766
9292 288
3927 4615
8947 6982
7763 8568
1509 2077
2586 6001
999 7162
5794 3403
399 1593
6742 8019
6544 8973
2094 133
5671 2446
1303 5182
7044 6339
5505 9096
1296 7519
2418 19
6210 7459
5599 145
3430 4909
3693 5320
7069 7149
5618 7675
7427 9184
1153 4852
1777 9406
6655 3433
9433 6424
9496 3553
1164 8322
8937 1567
9051 9338
8923 815
8976 445
5062 5937
1376 2424
5349 8631
3977 8942
5409 3620
2528 1743
6237 4209
2991 861
6164 3805
8431 9183
7114 1380
7209 456
3766 8842
8969 2432
4640 1622
9847 2180
5083 1048
8204 4125
9316 9953
954 6186
5003 3618
3124 3424
8946 8525
2858 2878
1605 5825
5029 1394
9529 5142
9414 9440
9113 8230
6048 614
8559 4479
5819 846
7326 3882
8973 3730
5984 9355
300 8519
7985 3201
6628 1568
6088 9916
2266 788
6538 7780
9445 1228
5916 4893
7340 5926
1572 3996
4811 486
8938 150
6261 2343
6992 1612
9557 4040
9158 6074
7516 9279
8629 8678
6089 9359
4470 7167
9070 2025
6233 655
2910 8290
6956 338
6530 3961
7811 4559
9580 3751
5675 3546
7966 1143
2495 1585
9712 8292
339 1734
7462 7308
2526 9152
1929 3357
1489 3555
1529 3228
8046 4098
5239 7691
8066 6184
1291 4371
6896 6547
614 3289
555 5105
9467 74
2468 8468
5244 2195
995 2217
3654 1052
448 7051
4332 3183
2788 155
2640 8300
8142 4870
331 9677
1235 1170
9001 3856
4400 7018
2869 3342
317 9700
6881 5439
5455 9493
1389 9035
5650 5125
5364 8446
9765 337
5712 5927
9283 5412
7982 8278
3047 5925
8325 159
5037 8202
4021 9804
5262 9269
3251 3000
2458 4321
4223 9880
8746 8823
6116 2789
2194 330
9861 4277
6084 7749
8745 9611
7976 5778
5316 1690
1120 7467
3505 7210
3243 672
8284 9439
5655 4808
7235 3829
7702 7157
4871 1291
37 5823
8460 1626
876 7059
5661 2597
6745 5541
5661 32
5950 2581
5518 961
7207 284
7144 5428
8141 2980
489 7117
5086 5882
3415 6462
5726 6281
8144 5461
5061 3772
4957 1690
6268 716
1588 4557
4193 6248
5126 3069
1700 9448
5084 3944
9021 841
2883 6792
4542 6332
2517 6729
8074 8847
4539 9487
8760 4205
827 2820
8005 4491
1676 4700
5720 8596
639 983
8434 9479
6961 2066
9555 4152
9406 7696
5827 1146
7830 8488
203 4441
4065 7338
3444 3072
937 2104
8671 1800
3337 7996
221 714
5716 9727
6208 2810
507 8508
7358 4605
4882 4304
3391 5608
2582 9910
158 9763
9611 8560
9212 8101
1072 5989
9369 9575
8912 3933
2372 2201
738 7944
3342 3003
3384 4390
9841 4138
2509 6462
3699 389
9509 3977
9872 9420
1799 4231
4467 3104
433 2289
9569 1178
7074 8927
78 920
2283 4610
5042 3079
7413 7430
183 399
9241 1606
4036 7248
3092 5746
1529 5267
9660 9802
5105 583
5700 6160
4706 3031
2627 9741
5065 6210
3767 3579
7772 1128
1464 2748
8711 3278
7811 3524
1004 4208
7922 9765
4518 5028
2478 2085
2005 9705
416 1334
4026 9724
6380 4203
1291 8792
7730 6423
8491 4153
5200 8614
3750 5024
2773 7841
3296 1817
8657 7405
3881 7591
9768 1651
5389 4384
5418 2677
2066 5870
438 33
7283 2599
8560 3843
6094 6964
9219 2471
5788 9688
8535 8742
8722 3521
2563 435
5195 3303
9528 2343
7556 9871
2609 4448
4413 3141
9716 9137
9029 2005
1220 5024
3261 1603
3143 990
3781 2127
2953 1367
7348 3926
5594 5990
882 406
972 5919
1625 2156
8491 7615
2342 8808
1129 1661
5612 7845
9177 3819
6168 507
2843 6440
3180 9860
6222 5259
4991 9559
9301 1235
1147 9407
2280 7797
201 4166
5566 5897
227 9748
6944 1420
4899 6207
341 2788
8759 9522
8108 6157
4846 8509
308 9273
2356 5762
2744 8695
4433 1701
5487 3742
5497 7146
5164 58
9800 1999
1527 2524
2049 9523
9626 2597
1791 7105
5508 3956
351 2031
9323 4522
9650 9904
8914 7685
3888 5419
3425 8577
2996 4305
1048 4585
6095 2560
7118 4055
3036 1656
673 3810
6907 7327
8995 4205
1914 4975
6635 5722
1747 1417
6436 7439
5380 7694
2116 4967
4983 218
5873 1996
7959 4521
