100 82
69 64
87 9
18 12
91 4
92 18
25 89
30 51
10 7
88 7
20 17
11 77
19 68
38 72
43 32
57 97
63 64
41 13
38 2
31 30
59 45
67 0
87 71
78 79
37 22
65 58
64 76
8 34
52 99
42 91
30 47
52 6
37 94
83 43
87 29
93 24
20 34
13 60
64 77
46 67
49 81
89 78
95 36
19 96
20 48
44 39
98 72
30 24
61 33
28 95
33 21
7 86
85 82
70 19
27 52
95 45
10 15
32 55
37 5
54 18
57 49
32 40
38 90
66 2
75 17
16 89
52 85
32 53
20 14
51 74
57 62
57 44
65 95
99 84
33 80
76 23
91 1
56 55
50 67
26 13
7 73
38 35
3 73
