200 178
50 177
53 17
113 75
135 81
186 125
185 42
17 12
79 14
31 178
184 52
62 80
156 165
71 17
82 120
154 186
29 93
170 24
188 21
138 79
128 132
192 177
2 98
54 114
182 25
133 30
97 24
38 141
98 110
69 96
155 66
89 62
27 142
134 95
6 109
28 5
162 130
85 109
199 13
73 198
65 180
98 131
0 176
124 23
19 174
88 121
144 73
149 135
5 163
60 87
83 150
47 190
42 157
92 160
194 32
121 28
176 139
70 143
44 166
69 97
171 61
16 168
13 58
160 118
47 9
9 141
119 176
147 167
41 180
7 173
30 49
129 141
173 116
141 1
173 26
1 161
161 48
77 5
98 45
137 180
18 83
56 128
14 53
105 101
144 154
70 159
46 87
127 75
179 33
91 63
15 5
130 29
107 180
25 33
84 78
132 130
98 90
11 83
167 38
169 124
105 57
52 152
99 173
135 51
66 58
94 80
20 11
12 67
193 4
4 13
195 180
100 174
163 43
76 39
67 184
42 106
105 126
183 21
136 70
153 70
77 68
100 162
86 27
199 46
114 64
197 122
84 102
142 24
108 173
151 70
183 130
6 144
160 112
37 83
123 95
20 40
182 141
133 24
22 135
111 76
196 170
89 24
165 17
74 13
102 37
129 115
164 194
148 135
83 120
34 122
134 17
114 103
36 35
18 168
42 172
8 42
72 150
104 13
156 191
68 189
44 130
175 71
187 122
39 5
35 158
85 146
181 122
122 145
178 144
194 140
177 59
15 127
72 3
166 117
104 63
55 124
61 74
144 36
10 198
